20
0 Oradea 131 571
1 Zerind 108 531
2 Arad 91 492
3 Sibiu 207 457
4 Timisoara 94 410
5 Rimnicu_Vilcea 233 410
6 Fagaras 305 449
7 Pitesti 320 368
8 Craiova 253 288
9 Dobreta 165 299
10 Mehadia 168 339
11 Lugoj 165 379
12 Bucharest 400 327
13 Giu_rgiu 375 270
14 Urziceni 456 350
15 Hirsova 534 350
16 Eforie 562 293
17 Vaslui 509 444
18 Iasi 473 506
19 Neamt 406 537
23
2 1 75
2 3 140
2 4 118
12 14 85
12 7 101
12 13 90
12 6 211
8 9 120
8 5 146
8 7 138
9 10 75
16 15 86
6 3 99
15 14 98
18 17 92
18 19 87
11 4 111
11 10 70
0 1 71
0 3 151
7 5 97
5 3 80
14 17 142
7 11
