928
0 0 712 532
1 1 34 688
2 2 834 73
3 3 240 521
4 4 938 579
5 5 812 234
6 6 653 376
7 7 738 242
8 8 886 369
9 9 822 787
10 10 532 297
11 11 96 788
12 12 567 807
13 13 272 33
14 14 822 395
15 15 818 246
16 16 916 392
17 17 344 757
18 18 390 885
19 19 188 171
20 20 711 304
21 21 601 959
22 22 363 128
23 23 274 65
24 24 959 151
25 25 646 269
26 26 324 423
27 27 46 798
28 28 723 816
29 29 691 220
30 30 724 965
31 31 108 446
32 32 867 496
33 33 862 298
34 34 277 289
35 35 23 279
36 36 821 1000
37 37 56 798
38 38 321 780
39 39 336 361
40 40 78 37
41 41 792 597
42 42 574 738
43 43 407 929
44 44 487 667
45 45 908 279
46 46 888 165
47 47 496 386
48 48 540 880
49 49 736 11
50 50 127 419
51 51 652 177
52 52 96 467
53 53 928 783
54 54 326 907
55 55 22 800
56 56 347 55
57 57 728 327
58 58 663 848
59 59 878 479
60 60 972 879
61 61 643 421
62 62 902 876
63 63 2 494
64 64 897 834
65 65 849 726
66 66 432 210
67 67 510 951
68 68 581 913
69 69 328 385
70 70 239 869
71 71 121 787
72 72 396 349
73 73 695 370
74 74 279 226
75 75 823 449
76 76 725 128
77 77 242 888
78 78 11 148
79 79 985 304
80 80 292 745
81 81 516 335
82 82 324 230
83 83 354 779
84 84 1 235
85 85 699 320
86 86 401 533
87 87 533 199
88 88 950 717
89 89 702 421
90 90 290 356
91 91 826 546
92 92 228 563
93 93 288 882
94 94 618 140
95 95 128 991
96 96 61 473
97 97 772 405
98 98 116 477
99 99 167 202
100 100 587 755
101 101 372 977
102 102 287 752
103 103 8 629
104 104 734 515
105 105 139 546
106 106 999 806
107 107 537 608
108 108 45 457
109 109 814 469
110 110 397 974
111 111 771 856
112 112 173 273
113 113 824 223
114 114 428 407
115 115 132 862
116 116 414 283
117 117 817 672
118 118 557 116
119 119 877 195
120 120 401 129
121 121 703 906
122 122 238 730
123 123 603 772
124 124 808 894
125 125 129 802
126 126 206 208
127 127 245 606
128 128 153 936
129 129 3 595
130 130 549 177
131 131 31 911
132 132 815 629
133 133 6 33
134 134 765 276
135 135 852 420
136 136 466 22
137 137 805 136
138 138 365 120
139 139 491 901
140 140 245 618
141 141 768 336
142 142 71 863
143 143 79 770
144 144 444 21
145 145 89 283
146 146 357 664
147 147 989 47
148 148 225 621
149 149 616 910
150 150 647 872
151 151 427 18
152 152 506 678
153 153 225 868
154 154 59 219
155 155 831 684
156 156 677 898
157 157 387 552
158 158 472 308
159 159 12 649
160 160 963 898
161 161 566 359
162 162 242 562
163 163 367 255
164 164 667 944
165 165 711 944
166 166 774 796
167 167 459 715
168 168 886 757
169 169 983 277
170 170 60 762
171 171 914 155
172 172 757 490
173 173 275 535
174 174 542 755
175 175 62 922
176 176 91 962
177 177 416 8
178 178 257 37
179 179 211 188
180 180 184 233
181 181 95 194
182 182 807 681
183 183 11 954
184 184 432 968
185 185 472 315
186 186 561 827
187 187 260 175
188 188 400 20
189 189 395 216
190 190 224 689
191 191 118 700
192 192 973 234
193 193 813 636
194 194 383 339
195 195 145 786
196 196 169 459
197 197 249 533
198 198 830 863
199 199 608 69
200 200 34 927
201 201 501 406
202 202 127 593
203 203 354 623
204 204 470 422
205 205 800 288
206 206 839 478
207 207 311 882
208 208 75 270
209 209 391 408
210 210 689 672
211 211 881 723
212 212 244 137
213 213 238 924
214 214 687 313
215 215 181 776
216 216 168 933
217 217 107 533
218 218 961 235
219 219 278 222
220 220 167 101
221 221 45 163
222 222 375 206
223 223 355 772
224 224 682 111
225 225 948 386
226 226 673 781
227 227 688 252
228 228 108 894
229 229 509 134
230 230 191 582
231 231 101 824
232 232 171 258
233 233 706 706
234 234 941 711
235 235 829 858
236 236 610 411
237 237 674 424
238 238 624 111
239 239 763 793
240 240 189 768
241 241 738 517
242 242 121 286
243 243 199 591
244 244 665 216
245 245 494 143
246 246 215 850
247 247 659 553
248 248 368 833
249 249 530 8
250 250 538 850
251 251 93 347
252 252 939 412
253 253 386 753
254 254 124 816
255 255 76 72
256 256 149 436
257 257 15 233
258 258 480 494
259 259 565 898
260 260 751 426
261 261 535 293
262 262 321 955
263 263 89 931
264 264 927 62
265 265 206 497
266 266 689 341
267 267 761 681
268 268 287 886
269 269 78 366
270 270 366 227
271 271 650 550
272 272 895 282
273 273 89 985
274 274 0 53
275 275 19 69
276 276 66 790
277 277 515 414
278 278 444 303
279 279 389 262
280 280 831 229
281 281 325 931
282 282 317 865
283 283 427 630
284 284 705 53
285 285 520 823
286 286 585 357
287 287 679 686
288 288 119 792
289 289 414 585
290 290 352 756
291 291 608 227
292 292 322 546
293 293 419 527
294 294 865 263
295 295 622 316
296 296 955 405
297 297 37 467
298 298 433 755
299 299 812 502
300 300 537 681
301 301 125 266
302 302 459 178
303 303 544 103
304 304 910 962
305 305 974 283
306 306 304 400
307 307 723 171
308 308 582 465
309 309 372 669
310 310 760 309
311 311 202 802
312 312 199 895
313 313 123 81
314 314 572 919
315 315 404 383
316 316 223 507
317 317 731 618
318 318 898 525
319 319 296 198
320 320 400 436
321 321 930 88
322 322 70 954
323 323 409 340
324 324 630 722
325 325 33 823
326 326 167 712
327 327 153 208
328 328 88 525
329 329 21 811
330 330 388 640
331 331 351 755
332 332 870 739
333 333 362 896
334 334 452 766
335 335 800 921
336 336 705 548
337 337 245 655
338 338 578 610
339 339 467 833
340 340 151 272
341 341 267 558
342 342 299 602
343 343 285 550
344 344 740 125
345 345 86 844
346 346 329 231
347 347 338 175
348 348 722 218
349 349 107 747
350 350 712 719
351 351 444 289
352 352 968 261
353 353 838 99
354 354 867 329
355 355 115 490
356 356 356 965
357 357 143 564
358 358 283 773
359 359 930 910
360 360 993 163
361 361 8 716
362 362 906 510
363 363 598 617
364 364 939 179
365 365 658 992
366 366 299 515
367 367 363 98
368 368 490 717
369 369 165 769
370 370 297 567
371 371 873 950
372 372 88 826
373 373 90 720
374 374 965 770
375 375 624 422
376 376 69 232
377 377 753 952
378 378 112 97
379 379 276 955
380 380 432 621
381 381 847 488
382 382 685 603
383 383 418 988
384 384 14 321
385 385 177 294
386 386 36 300
387 387 878 294
388 388 485 121
389 389 39 766
390 390 858 965
391 391 260 672
392 392 369 388
393 393 274 665
394 394 363 215
395 395 932 752
396 396 946 649
397 397 252 9
398 398 971 978
399 399 655 483
400 400 111 410
401 401 845 838
402 402 699 160
403 403 549 664
404 404 982 440
405 405 399 296
406 406 730 45
407 407 686 160
408 408 554 251
409 409 332 805
410 410 510 572
411 411 407 474
412 412 464 127
413 413 481 890
414 414 440 210
415 415 651 1000
416 416 635 1
417 417 180 730
418 418 322 466
419 419 81 380
420 420 778 564
421 421 954 350
422 422 678 270
423 423 822 124
424 424 959 994
425 425 148 496
426 426 387 828
427 427 603 233
428 428 123 271
429 429 73 213
430 430 502 45
431 431 408 564
432 432 478 351
433 433 50 929
434 434 582 836
435 435 743 587
436 436 824 988
437 437 488 497
438 438 246 919
439 439 813 228
440 440 87 643
441 441 775 832
442 442 602 912
443 443 548 671
444 444 385 95
445 445 20 819
446 446 512 929
447 447 435 359
448 448 697 668
449 449 145 214
450 450 539 202
451 451 439 796
452 452 515 497
453 453 18 417
454 454 852 552
455 455 308 258
456 456 726 720
457 457 767 12
458 458 676 587
459 459 183 817
460 460 228 48
461 461 152 443
462 462 776 666
463 463 812 662
464 464 211 681
465 465 426 876
466 466 600 380
467 467 422 684
468 468 803 249
469 469 599 867
470 470 706 170
471 471 582 210
472 472 595 225
473 473 545 86
474 474 170 602
475 475 368 746
476 476 334 88
477 477 664 666
478 478 821 572
479 479 582 412
480 480 713 131
481 481 859 307
482 482 120 862
483 483 277 555
484 484 937 768
485 485 766 534
486 486 391 942
487 487 267 493
488 488 201 737
489 489 427 597
490 490 146 186
491 491 430 664
492 492 369 106
493 493 873 191
494 494 229 283
495 495 693 639
496 496 291 447
497 497 565 38
498 498 285 540
499 499 168 450
500 500 889 706
501 501 602 705
502 502 984 670
503 503 110 857
504 504 327 420
505 505 511 751
506 506 816 308
507 507 123 781
508 508 803 19
509 509 465 146
510 510 546 396
511 511 101 176
512 512 916 580
513 513 590 477
514 514 10 672
515 515 847 114
516 516 71 768
517 517 962 280
518 518 11 852
519 519 973 512
520 520 867 718
521 521 263 864
522 522 173 413
523 523 637 648
524 524 484 886
525 525 307 125
526 526 852 498
527 527 234 28
528 528 774 520
529 529 368 616
530 530 439 64
531 531 267 563
532 532 527 722
533 533 797 165
534 534 222 182
535 535 342 314
536 536 272 932
537 537 120 664
538 538 859 385
539 539 265 201
540 540 260 375
541 541 82 247
542 542 117 203
543 543 77 245
544 544 836 417
545 545 972 841
546 546 942 485
547 547 568 486
548 548 730 916
549 549 875 728
550 550 878 614
551 551 910 260
552 552 8 739
553 553 657 985
554 554 336 761
555 555 949 341
556 556 445 643
557 557 188 413
558 558 27 356
559 559 389 428
560 560 770 849
561 561 612 743
562 562 36 878
563 563 665 666
564 564 391 328
565 565 119 133
566 566 73 717
567 567 142 881
568 568 343 819
569 569 350 571
570 570 864 64
571 571 195 566
572 572 206 723
573 573 400 46
574 574 49 796
575 575 477 685
576 576 464 752
577 577 173 556
578 578 400 669
579 579 931 973
580 580 567 428
581 581 799 804
582 582 122 801
583 583 263 845
584 584 628 172
585 585 795 650
586 586 810 737
587 587 984 836
588 588 990 78
589 589 400 106
590 590 378 647
591 591 957 67
592 592 80 674
593 593 249 505
594 594 266 744
595 595 415 374
596 596 406 497
597 597 983 958
598 598 101 482
599 599 698 778
600 600 52 216
601 601 848 676
602 602 522 583
603 603 742 35
604 604 283 679
605 605 490 483
606 606 496 774
607 607 871 974
608 608 252 45
609 609 781 354
610 610 37 363
611 611 656 466
612 612 587 326
613 613 798 741
614 614 145 803
615 615 810 19
616 616 117 343
617 617 903 482
618 618 418 114
619 619 413 25
620 620 982 372
621 621 630 402
622 622 27 551
623 623 978 438
624 624 635 784
625 625 785 529
626 626 946 0
627 627 881 60
628 628 200 243
629 629 1000 333
630 630 608 164
631 631 104 816
632 632 354 926
633 633 276 81
634 634 788 739
635 635 167 26
636 636 552 971
637 637 562 161
638 638 206 882
639 639 906 378
640 640 884 236
641 641 640 928
642 642 427 15
643 643 893 28
644 644 261 342
645 645 798 761
646 646 336 211
647 647 383 459
648 648 873 437
649 649 197 678
650 650 692 908
651 651 68 5
652 652 245 100
653 653 579 381
654 654 696 696
655 655 933 878
656 656 909 630
657 657 64 589
658 658 10 695
659 659 404 264
660 660 157 64
661 661 804 676
662 662 429 172
663 663 636 734
664 664 706 206
665 665 42 723
666 666 448 972
667 667 682 780
668 668 241 729
669 669 42 435
670 670 394 722
671 671 965 978
672 672 850 411
673 673 646 742
674 674 828 604
675 675 307 370
676 676 552 553
677 677 330 270
678 678 562 772
679 679 861 863
680 680 253 359
681 681 809 416
682 682 778 511
683 683 222 120
684 684 836 612
685 685 626 562
686 686 129 23
687 687 206 194
688 688 406 274
689 689 993 207
690 690 975 291
691 691 282 252
692 692 286 19
693 693 434 182
694 694 14 35
695 695 494 242
696 696 104 517
697 697 980 559
698 698 402 528
699 699 208 678
700 700 177 714
701 701 214 147
702 702 844 288
703 703 861 602
704 704 103 938
705 705 731 243
706 706 932 631
707 707 988 525
708 708 149 857
709 709 813 30
710 710 352 486
711 711 291 828
712 712 244 641
713 713 678 592
714 714 145 197
715 715 717 485
716 716 249 230
717 717 904 654
718 718 175 255
719 719 274 992
720 720 342 315
721 721 474 369
722 722 538 288
723 723 798 715
724 724 26 766
725 725 787 856
726 726 121 293
727 727 251 723
728 728 396 946
729 729 42 584
730 730 386 884
731 731 333 856
732 732 917 549
733 733 444 148
734 734 558 249
735 735 66 972
736 736 177 880
737 737 843 376
738 738 722 434
739 739 245 397
740 740 739 670
741 741 242 438
742 742 588 314
743 743 927 281
744 744 922 752
745 745 534 845
746 746 707 519
747 747 610 317
748 748 361 56
749 749 26 498
750 750 581 371
751 751 698 335
752 752 890 871
753 753 362 335
754 754 708 872
755 755 870 646
756 756 459 497
757 757 153 258
758 758 319 746
759 759 721 145
760 760 108 619
761 761 322 41
762 762 209 590
763 763 971 760
764 764 33 696
765 765 177 395
766 766 757 840
767 767 58 178
768 768 2 790
769 769 734 989
770 770 284 700
771 771 793 307
772 772 83 124
773 773 74 554
774 774 433 566
775 775 682 340
776 776 333 616
777 777 939 340
778 778 672 391
779 779 562 728
780 780 215 871
781 781 794 836
782 782 155 692
783 783 886 188
784 784 839 302
785 785 873 459
786 786 339 754
787 787 721 100
788 788 263 627
789 789 32 2
790 790 23 565
791 791 865 571
792 792 57 885
793 793 338 57
794 794 512 109
795 795 477 419
796 796 691 802
797 797 825 939
798 798 276 598
799 799 287 410
800 800 766 833
801 801 522 734
802 802 32 517
803 803 710 556
804 804 631 638
805 805 845 43
806 806 59 611
807 807 287 370
808 808 983 540
809 809 721 744
810 810 330 291
811 811 491 127
812 812 627 842
813 813 670 177
814 814 216 435
815 815 685 403
816 816 820 574
817 817 395 963
818 818 200 49
819 819 898 9
820 820 357 947
821 821 45 22
822 822 343 434
823 823 411 773
824 824 279 835
825 825 996 593
826 826 71 573
827 827 126 702
828 828 993 103
829 829 756 627
830 830 250 154
831 831 773 382
832 832 410 46
833 833 434 178
834 834 956 554
835 835 941 164
836 836 55 229
837 837 318 578
838 838 270 252
839 839 212 754
840 840 764 67
841 841 625 203
842 842 296 335
843 843 531 92
844 844 273 510
845 845 419 317
846 846 71 714
847 847 66 624
848 848 121 101
849 849 725 267
850 850 837 317
851 851 72 720
852 852 777 152
853 853 455 551
854 854 636 912
855 855 216 27
856 856 969 908
857 857 619 137
858 858 363 447
859 859 578 451
860 860 550 669
861 861 434 387
862 862 144 929
863 863 168 84
864 864 661 572
865 865 694 176
866 866 559 375
867 867 152 123
868 868 20 950
869 869 792 152
870 870 796 883
871 871 751 490
872 872 748 755
873 873 371 501
874 874 799 833
875 875 459 650
876 876 212 768
877 877 427 819
878 878 179 700
879 879 71 690
880 880 105 651
881 881 777 110
882 882 771 587
883 883 439 99
884 884 259 574
885 885 396 294
886 886 829 325
887 887 4 417
888 888 687 993
889 889 641 739
890 890 739 729
891 891 904 763
892 892 337 494
893 893 892 744
894 894 48 952
895 895 440 565
896 896 21 110
897 897 547 878
898 898 218 726
899 899 107 189
900 900 968 981
901 901 928 529
902 902 752 174
903 903 72 263
904 904 538 149
905 905 656 44
906 906 851 849
907 907 682 907
908 908 255 137
909 909 562 841
910 910 101 167
911 911 704 41
912 912 538 726
913 913 639 491
914 914 534 304
915 915 917 486
916 916 180 434
917 917 808 594
918 918 931 811
919 919 673 833
920 920 804 640
921 921 946 163
922 922 376 3
923 923 314 888
924 924 149 581
925 925 179 584
926 926 94 796
927 927 96 738
3712
368 906 3843.76117885
267 39 5320.00939849
305 232 8033.89071372
445 925 2837.35792596
128 447 6422.25038441
326 582 997.296345125
865 365 8167.93731612
581 251 8410.02378118
794 163 2057.69288282
621 396 4010.7979256
8 63 8927.93929191
651 189 3891.65774446
48 86 3738.04761874
430 624 7508.7282545
357 367 5153.21259022
213 234 7345.59732084
161 476 3567.42203839
417 263 2206.39978245
491 658 4211.424937
599 521 4434.19665779
485 572 5910.33839979
5 195 8657.90390337
48 37 4908.97137902
854 440 6113.60777283
745 722 5570.14362472
518 387 10310.4461591
431 367 4681.67704995
661 737 3025.24379183
47 484 5834.42370762
31 126 2573.86868352
718 488 4827.00735446
34 123 5827.22060677
363 83 2928.82228891
454 430 6160.75482388
3 2 7440.02688167
902 40 6877.82669162
408 167 4736.25379388
28 10 5530.29836446
491 183 5095.69426084
455 528 5346.02656185
79 266 2983.03536687
480 196 6352.32240995
280 342 6497.33022094
808 724 9833.23446278
844 312 3920.47191037
47 143 5668.7300165
357 360 9398.4094399
516 808 9400.68082641
442 727 3986.50222626
404 2 3957.18334172
890 219 6852.51778546
319 812 7240.83558714
475 593 2687.78719396
606 261 4825.78491025
872 511 8682.45357028
2 549 6562.81951603
630 159 7684.01587713
796 376 8436.72922405
615 20 3017.05154083
193 280 4073.97839955
339 361 4736.7710521
34 114 1916.37678967
839 716 5253.04673499
0 14 1756.95759767
15 489 5254.35057833
609 526 1605.52172206
891 217 8295.23357115
13 5 5761.95279398
761 666 9394.87626316
703 283 4349.02287876
176 629 11054.0580784
507 511 6053.99867856
474 691 3674.83332955
203 45 6521.13487056
21 46 8442.77797884
903 4 9218.52482776
261 202 5064.22748304
7 15 800.99937578
141 314 6150.65037212
350 191 5943.03794368
55 259 5517.72598087
885 592 4942.22621902
872 657 7038.55098724
391 182 5470.74035209
709 439 1980.0
412 217 5406.3388721
729 521 3567.08564517
214 85 138.924439894
80 406 8257.38457382
425 789 5074.36695559
337 480 7025.6672281
392 448 4312.58623102
462 871 1777.66701044
563 654 431.393092202
213 419 5662.02260681
86 147 7628.49919709
159 630 7684.01587713
364 849 2313.87121509
312 844 3920.47191037
139 868 4735.41972796
25 3 4778.49348645
248 511 7091.81218025
324 9 2027.04218012
588 443 7396.03272032
127 9 6047.23077119
401 106 1572.89541928
477 74 5846.580197
43 118 8267.21839557
406 206 4465.08678527
687 892 3273.54547853
62 700 7428.78859573
343 428 3226.22069921
570 464 8983.86331152
163 794 2057.69288282
529 47 2632.1854038
41 44 3129.29704566
297 186 6357.48377898
760 627 9539.44442827
724 601 8269.12329089
230 584 5992.23664419
52 157 3031.6002375
345 243 2770.88433537
127 208 3765.58096447
130 769 8328.07901019
274 666 10223.8202253
366 283 1720.72659072
88 33 4281.41331805
745 913 3692.43821885
836 386 734.982993001
123 34 5827.22060677
621 479 490.306026885
217 412 5406.3388721
462 816 1019.80390272
40 558 3230.51079552
644 871 5118.63262991
11 862 1489.46299048
614 701 6596.18829325
481 23 6330.78984014
182 767 9022.25027363
283 210 2653.45058367
838 608 2077.81134851
451 254 3156.34282042
457 30 9539.69601193
20 326 6800.0
39 106 7984.94834047
95 89 8089.35102465
336 686 7793.59352289
561 91 2908.69386495
289 592 3456.54451729
263 610 5703.75315034
747 432 1363.08473691
272 618 5057.20278415
114 440 4147.01097177
189 799 2220.36033112
25 665 7556.00423504
9 71 7010.0
840 125 9713.1354361
396 382 2650.22640542
771 327 6476.11766416
59 28 3709.36652274
268 471 7375.64234491
244 603 1966.97737659
334 406 7727.3863628
724 365 6711.92967782
67 76 8506.19774047
361 468 9220.16268837
14 279 4529.65782372
199 134 2598.03772105
163 609 4256.72409254
790 336 6822.11843931
42 825 4462.16315255
476 324 6996.94218927
443 298 1424.1137595
321 583 10089.2913527
191 729 1386.79486587
43 148 3577.54105497
567 614 780.576709875
329 199 9461.14686494
542 78 1194.19428905
446 99 8047.07400239
29 9 5819.36422644
178 709 5560.44063002
566 336 6542.05625167
271 124 3785.49864615
845 796 5560.65643607
131 156 6461.30791713
294 888 7513.8804888
389 129 1747.48390551
228 447 6270.19935887
49 571 7750.52256303
599 152 2164.80946044
180 58 7795.29345182
10 597 8002.01224693
202 235 7503.5258379
596 131 5585.8839945
20 419 6345.67569294
478 372 7757.60916778
722 709 3770.795672
600 804 7164.67026457
37 187 6555.49387918
15 209 4566.97930803
668 134 6926.65142764
263 451 3751.33309638
323 364 5539.14253292
768 239 7610.05913249
94 226 6433.55267329
372 362 8769.15047197
479 383 5988.92310854
160 682 4289.45217947
140 11 2260.55302968
16 121 5563.85657615
234 704 8682.01013591
914 149 6115.22689685
537 681 7322.73855876
458 233 1227.23265928
887 336 7131.35330775
176 132 7969.09656109
784 681 1178.81296226
893 9 821.522975942
783 405 4988.31634923
289 302 4094.80158249
725 196 7345.29100853
419 213 5662.02260681
762 42 3938.64189791
373 390 8061.32123166
265 261 3871.13678394
711 328 3647.16328124
180 176 7349.08157527
218 495 4848.09240836
843 359 9101.23617977
38 50 4098.25572653
459 388 7586.96250155
188 637 2147.67315949
657 916 1936.00103306
141 198 5306.34525827
531 143 2796.30112828
493 157 6054.06475023
116 207 6077.91082528
823 657 3927.65833545
103 52 1843.58346706
508 369 9846.5425404
571 827 1525.02458997
678 125 4340.38016768
895 123 2634.72958764
593 587 8060.93046738
170 83 2944.91086453
151 215 7969.19067409
797 864 4019.76367465
356 542 7986.01903329
66 0 4267.13018316
103 133 5960.03355695
692 809 8454.88024753
219 127 3854.15360358
55 38 2996.68149792
826 518 2853.78695771
79 881 2844.29253067
575 604 1940.92761328
880 423 8898.41558931
10 62 6871.25170548
657 71 2060.41258004
472 657 6437.83348651
588 160 8204.44391778
149 457 9106.06940452
260 247 1568.21554641
886 402 2100.59515376
138 257 3677.89341879
393 31 2748.03566207
692 591 6727.14649759
73 153 6847.65653344
71 386 4943.62215385
661 366 5300.4339445
735 683 8661.63956766
645 228 7027.01216734
539 353 5820.07731907
371 476 10166.4398882
78 464 5692.88151993
596 35 4406.96040372
210 802 6750.3629532
896 236 6614.54457994
271 75 2003.24736366
554 341 2144.06156628
459 799 4200.77373825
816 462 1019.80390272
217 554 3231.48572641
15 277 3464.57789637
827 539 5199.24994591
761 728 9080.20374221
133 231 7966.84379162
898 524 3104.12628609
320 71 4483.77073455
84 32 9044.76091447
307 140 6544.40982824
343 175 4337.19955732
715 334 3862.46035578
237 435 1770.02824836
388 459 7586.96250155
64 92 7218.04682722
192 129 10349.9806763
339 82 6197.24132175
393 475 1240.84648527
268 110 1408.68733224
141 228 8642.70790898
737 891 3917.77998361
737 302 4320.41664657
96 711 4229.95271841
709 646 5101.86240504
47 71 5490.22768198
378 433 8343.0689797
555 31 8475.29350524
397 20 5456.24412944
329 167 4483.97145397
535 807 784.920378128
375 132 2816.55818332
5 4 3672.88714774
9 532 3020.7614934
873 79 6448.29434812
529 477 3001.93271077
167 606 696.419413859
23 47 3902.88354938
227 29 321.4031736
83 256 3995.92292218
745 5 6712.71182161
780 572 1482.7339613
806 719 4374.76856531
731 832 8136.51645362
328 14 7454.23369636
19 265 3264.96554346
574 544 8735.04436165
719 569 4278.04862057
634 125 6620.04531707
816 872 1947.9476379
467 475 822.192191644
694 256 4231.14641675
698 260 3636.00055005
169 37 10633.7669713
777 147 2972.35596792
23 696 4829.12000265
47 529 2632.1854038
913 745 3692.43821885
73 20 679.117073854
453 523 6606.98115632
5 13 5761.95279398
891 737 3917.77998361
74 174 5907.70683091
569 719 4278.04862057
18 136 8663.40002539
755 52 7944.28725563
645 835 6138.87611864
471 180 3986.64018943
337 296 7527.28370662
75 825 2250.88871338
299 836 8047.22312354
691 659 1225.88743366
600 775 6420.87221489
48 564 5717.56066868
152 602 963.37946833
555 185 4777.0806985
853 85 3360.01488092
44 177 6628.13699315
4 267 2042.86563435
906 225 4730.51794204
590 367 5492.04879804
4 233 2644.86294541
61 8 2485.0150905
906 368 3843.76117885
565 392 3571.06426713
531 280 6554.78451209
71 766 6382.04512676
58 683 8511.550975
572 622 2482.43831746
461 670 3693.3047532
831 483 5253.04673499
528 455 5346.02656185
700 62 7428.78859573
107 298 1800.69431054
569 139 3588.60697207
71 320 4483.77073455
655 898 7309.78111847
293 267 3750.73326164
314 599 1890.95214112
426 710 3437.86270814
659 211 6619.74319744
191 17 2330.77240416
302 571 4692.97347105
50 125 3830.05221897
767 791 8976.06818156
144 335 9678.51228237
91 133 9672.48158437
185 72 832.58633186
422 922 4031.0420489
591 592 10665.7301672
586 749 8196.20033918
155 471 5354.22263265
376 733 3842.92857076
89 95 8089.35102465
396 621 4010.7979256
399 117 2489.27700347
535 648 5450.59629765
813 252 3571.91825214
689 438 10319.656002
504 610 2955.48642359
748 189 1635.72613845
123 895 2634.72958764
87 294 3381.12407344
861 37 5583.95021468
2 465 9007.06944572
403 479 2541.51529604
314 341 4725.94964002
184 583 2090.21529992
9 116 6484.44292133
907 456 1921.06741162
622 97 7591.71258676
273 831 9118.47026644
92 405 3170.64662175
129 389 1747.48390551
167 581 3514.55544842
294 87 3381.12407344
874 649 6216.34136772
499 397 4489.28724855
138 349 6780.06637136
80 163 4957.06566428
622 572 2482.43831746
879 109 7751.70948888
601 724 8269.12329089
277 768 6360.38520846
226 277 3995.66014571
731 186 2298.36898691
544 754 4726.61612573
862 624 5119.6288928
753 628 1863.0083199
846 883 7166.93100288
850 564 4461.35629602
482 49 10505.5080791
688 876 5307.27802174
780 581 5878.30757957
840 408 2792.06017127
505 894 5047.47461608
839 15 7907.59128939
163 397 2715.52941431
128 121 5508.17574157
717 281 6418.48891874
535 913 3457.42678881
477 842 4949.5959431
831 273 9118.47026644
154 287 7762.01649058
312 913 5973.40773763
913 312 5973.40773763
107 213 4350.36780054
587 696 9360.34721578
19 811 3061.78052773
312 373 2061.69832905
49 658 9974.62781261
463 589 6920.11560597
355 76 7093.26441069
615 273 12054.0325203
551 434 6628.42364367
60 52 9680.49585507
121 629 6453.97551901
65 175 8110.394565
766 71 6382.04512676
732 83 6081.6856216
914 74 2666.62708304
825 42 4462.16315255
329 13 8174.87002955
202 261 5064.22748304
855 173 5114.14704521
479 370 3244.2256395
759 778 2508.32613509
584 773 6729.33874909
87 308 2704.75507209
877 337 2449.89795706
722 622 5747.08621825
89 163 3738.7297308
78 244 6575.25664898
6 113 2294.55878112
559 133 5501.94511059
335 144 9678.51228237
743 55 10432.5739873
156 243 5680.95942601
46 918 6474.29532845
181 245 4022.4619327
384 340 1454.99140891
3 23 4572.65787043
913 535 3457.42678881
79 159 10323.5362159
427 662 1843.82754074
869 755 5001.19985603
563 440 5784.5743145
531 313 5030.50693271
711 709 9535.65938989
361 414 6653.26987278
252 46 2522.10229769
696 23 4829.12000265
53 43 5410.70235737
471 268 7375.64234491
287 154 7762.01649058
458 374 3420.67244851
313 150 9488.18739275
12 275 9192.10530836
773 584 6729.33874909
44 149 2751.18156435
572 780 1482.7339613
174 63 5997.67454936
720 183 7196.40187872
413 197 4257.61670421
336 790 6822.11843931
155 740 930.591209931
893 400 8494.21567892
249 308 4599.48910206
230 502 7978.67783533
675 816 5520.7336469
268 330 2659.26681625
692 687 1924.18814049
125 634 6620.04531707
0 531 4460.78468434
173 579 7887.83874075
635 376 2281.22773962
159 79 10323.5362159
714 306 2578.56549267
218 319 6660.28527918
220 47 4352.76923349
292 876 2477.57946391
224 42 6362.33447722
387 509 4387.17448935
464 78 5692.88151993
89 10 2104.18630354
587 736 8081.98614203
753 678 4805.92342844
826 673 5993.21282786
187 344 4825.97140481
153 403 3828.73347205
7 24 2390.02092041
75 595 4148.36112218
876 292 2477.57946391
894 607 8232.93993662
145 121 8747.14239052
809 914 4780.88903866
296 251 8639.49072573
4 0 2308.3543922
557 533 6575.59883205
829 221 8490.09422798
708 903 5989.69949163
109 879 7751.70948888
840 397 5152.74684028
488 354 7810.37771174
659 189 488.364617883
364 717 4762.87728164
365 36 1631.96200936
167 807 3854.98378726
295 242 5018.97399874
114 703 4748.83143521
486 315 5591.51142358
444 591 5726.84904638
887 853 4704.85919024
176 180 7349.08157527
839 139 3153.56940624
418 283 1947.33150747
330 732 5367.69969354
23 94 3520.80956599
134 199 2598.03772105
708 275 7986.51363237
759 627 1811.7670932
621 569 3270.48926003
307 196 6243.87700071
881 833 3496.75563916
74 146 4448.90997886
117 677 6314.84758328
444 685 5255.18791291
429 244 5920.07601303
34 145 1880.95720313
37 169 10633.7669713
421 528 2475.88368063
649 367 6032.87659413
262 97 7112.67179054
264 256 8632.26505617
193 366 5280.50187009
70 608 8241.02542163
146 403 1920.0
419 405 3289.07281768
138 639 5993.70503111
31 555 8475.29350524
494 89 4927.20001624
306 419 2238.95064707
198 8 4971.63956859
910 588 8934.4389863
534 27 6406.49670257
699 911 8073.32025873
372 224 9295.48815286
28 463 1778.67928531
742 805 3734.83600711
421 177 6375.01372548
341 220 4678.12996827
495 218 4848.09240836
795 800 5048.93057984
265 19 3264.96554346
174 80 2501.99920064
837 331 1800.49993057
35 596 4406.96040372
253 20 5542.7971278
326 426 2487.08664907
554 217 3231.48572641
662 302 305.941170816
314 136 9032.41385234
888 899 9913.70768179
650 366 5557.85930013
79 392 6217.00892713
661 721 4507.20534256
11 216 1618.91939268
584 230 5992.23664419
910 329 6489.49921026
688 764 5632.16654583
568 341 2718.40026486
79 194 6030.1658352
135 172 1180.04237212
724 706 9160.02729254
709 524 9170.47981297
29 351 2564.56624013
251 211 8731.09386045
319 431 3827.5318418
381 876 6939.92074883
114 818 4244.38452546
691 474 3674.83332955
836 299 8047.22312354
513 329 6597.85571228
35 879 4137.93426724
234 581 1697.43924781
722 745 5570.14362472
325 231 680.073525437
449 789 2402.35301319
811 520 7004.69128513
132 402 4831.32487005
89 185 2532.5086377
232 489 4248.02306962
503 99 6574.75474828
892 463 5038.34298158
13 705 5047.58358029
579 173 7887.83874075
800 795 5048.93057984
124 318 3798.17061228
9 893 821.522975942
401 320 5996.90753639
132 176 7969.09656109
238 794 1120.1785572
390 183 8470.7142556
326 20 6800.0
653 296 3767.65178858
379 360 10683.4123762
690 879 9881.38148236
478 390 3947.37887718
399 126 5265.22554123
310 437 3306.47848927
440 468 8172.46596812
331 423 7874.02057401
499 521 4247.59932197
764 688 5632.16654583
673 826 5993.21282786
16 509 5137.28527532
878 859 4703.21166864
737 837 5625.20221859
148 199 6718.57871875
263 150 5611.1050605
157 399 2767.39950134
585 710 4723.82260463
660 911 5474.8333308
434 234 3801.39448098
588 258 6581.45880485
58 52 6831.17852204
60 272 6019.45180228
405 764 5421.7709284
616 384 1053.2331176
210 283 2653.45058367
873 105 2363.23930231
359 921 7471.71332427
785 472 3633.7308651
235 289 4967.43394521
866 209 1712.10396881
662 427 1843.82754074
265 126 2890.0
367 590 5492.04879804
388 65 7060.60195734
10 2 3760.05319111
564 621 2501.93924786
505 619 7325.8446612
861 414 1771.01665718
619 732 7270.43327457
791 605 3851.86967588
439 808 3553.08316818
315 486 5591.51142358
228 90 5679.50702086
643 537 10010.1198794
913 890 2581.54992204
357 677 3484.32202875
181 519 9338.13685914
37 861 5583.95021468
646 709 5101.86240504
594 138 6318.04558388
703 390 3630.12396483
447 370 2496.15704634
850 336 2660.54505694
394 391 4684.63445746
421 691 6791.08238796
18 283 2576.70332014
274 378 1203.32871652
903 496 2860.36710931
180 868 7355.16825096
319 180 1173.413823
564 306 1129.29181348
196 193 6678.8097742
14 328 7454.23369636
744 562 8949.14521058
666 591 10383.188335
420 167 3529.33421483
543 355 2479.29425442
592 847 519.23019943
152 423 6377.86798233
351 905 3239.89197351
913 369 5495.0887163
121 467 3581.13110623
722 850 3004.03062568
736 587 8081.98614203
399 157 2767.39950134
40 82 3126.73951585
259 240 3978.39163482
314 346 7296.52657091
356 624 3325.68789877
696 587 9360.34721578
670 461 3693.3047532
176 492 9000.11111043
213 601 6584.86142603
895 93 3515.57961082
290 179 5852.39267309
792 430 9505.91920858
520 811 7004.69128513
637 531 4986.27115187
595 731 4889.25352176
823 135 5648.8051834
908 613 8121.97636047
85 214 138.924439894
358 249 8038.86807952
413 823 1363.41483049
731 595 4889.25352176
373 184 4224.54731303
362 795 4385.45322629
384 616 1053.2331176
905 351 3239.89197351
168 666 4879.23149687
875 517 6244.26937279
239 768 7610.05913249
148 43 3577.54105497
459 640 9104.73503184
23 3 4572.65787043
542 714 286.356421266
779 308 2637.59360023
119 15 779.871784334
311 155 6399.72655666
164 171 8267.58731433
76 309 6459.79875848
681 784 1178.81296226
902 7 694.262198308
814 357 1482.22805263
12 300 1295.2219887
892 809 4582.09559045
490 441 9016.4128122
419 306 2238.95064707
39 16 5808.27857459
425 388 5041.76556377
251 611 5754.3896288
253 902 6849.79561739
398 465 5544.62803081
774 267 3475.75890994
583 184 2090.21529992
688 72 756.637297521
390 703 3630.12396483
156 131 6461.30791713
906 55 8304.46867656
179 290 5852.39267309
440 854 6113.60777283
537 824 2334.99464667
665 328 2032.73215156
557 344 6226.13845011
453 486 6440.13975004
847 592 519.23019943
348 220 5671.98377995
921 902 1943.11605418
175 867 8040.52858959
751 340 5506.16018655
383 621 6231.69318885
489 15 5254.35057833
367 431 4681.67704995
253 558 5352.47606253
87 731 6867.67063858
787 330 6344.20207749
326 826 1689.2897916
915 308 3356.57563597
256 83 3995.92292218
629 435 3613.377921
350 123 1212.02310209
371 585 3099.74192474
108 57 6952.61821187
583 807 4756.05929315
220 309 6038.61739142
593 504 1153.64639296
385 723 7502.54623445
762 529 1611.11762451
583 177 8508.68967585
93 316 3805.9164468
402 118 1486.60687473
527 281 9075.73688468
189 659 488.364617883
354 287 4034.76145515
63 174 5997.67454936
709 722 3770.795672
671 303 9710.12873241
159 12 5770.51990725
125 684 7320.85377535
325 268 2616.9638897
401 182 1615.33278305
370 447 2496.15704634
723 385 7502.54623445
9 825 2605.99309285
247 623 3390.95856654
250 376 7758.12477342
71 47 5490.22768198
128 239 6265.37309344
443 588 7396.03272032
188 182 7762.53824467
908 530 1979.52014387
841 11 7887.11607623
412 321 4676.29126552
69 85 3766.51032124
803 390 4349.54020558
0 425 5651.47768287
440 875 3720.65854386
537 643 10010.1198794
521 729 3567.08564517
591 666 10383.188335
371 341 7217.34023031
638 440 2669.86891064
154 686 2081.24962462
174 240 3532.39295662
802 210 6750.3629532
161 269 4880.50202336
695 237 2559.76561427
356 462 5155.58920008
721 170 5708.28345477
264 18 9826.99343645
726 38 5264.68422605
34 74 630.317380373
70 698 3779.55023779
307 148 6711.95947544
471 815 2187.64713791
220 485 7391.14334863
267 208 7996.98068023
149 47 5375.64879805
811 356 8488.04453334
64 537 7953.797835
67 161 5946.42749893
531 750 3680.48909793
716 837 3547.74576316
608 70 8241.02542163
239 765 7083.78429937
338 54 3895.03530151
351 820 6637.26600341
262 145 7109.20530017
923 841 7522.93825576
715 203 3883.4649477
232 314 7731.24828213
30 141 6305.37072661
770 188 6898.23165746
51 8 3026.87958135
587 74 9322.68738079
551 533 1476.2791064
196 285 5056.64908808
810 295 2930.68251436
259 55 5517.72598087
27 460 7717.66804158
267 217 6705.37098153
10 89 2104.18630354
581 179 8515.86754242
49 482 10505.5080791
803 201 2572.56681157
351 85 2568.77402665
71 657 2060.41258004
682 160 4289.45217947
168 432 5755.86657246
868 139 4735.41972796
210 55 6791.70817983
247 222 4484.02720777
267 4 2042.86563435
732 619 7270.43327457
656 230 7196.02668144
15 212 5842.57648645
532 799 3936.29267205
383 249 9863.79237413
258 705 3549.67604156
703 908 7638.46188706
8 30 6176.2448138
337 184 3646.0663735
304 506 6607.20818501
484 515 6601.63616083
144 19 2967.08611267
145 155 8434.2456687
196 639 7414.37792401
405 783 4988.31634923
209 796 4952.13085449
156 368 2602.49879923
12 26 4544.28212152
216 539 7383.98943661
236 115 6571.79579719
19 56 1968.17174047
58 229 7304.19057802
461 669 1102.90525432
916 706 7773.75713539
268 325 2616.9638897
228 322 710.211236183
283 418 1947.33150747
619 505 7325.8446612
816 36 4260.01173707
52 48 6063.86840227
364 770 8369.38468467
625 680 5585.01566694
185 555 4777.0806985
113 6 2294.55878112
901 805 4930.36509804
883 735 9493.46090738
99 503 6574.75474828
542 553 9503.28364304
420 899 7686.78086067
926 448 6164.35722521
613 55 7782.39680304
870 101 4342.94830731
48 172 4463.05948874
564 461 2652.28203628
283 823 1438.92320851
657 872 7038.55098724
677 357 3484.32202875
149 914 6115.22689685
746 853 2540.23620949
371 549 2220.09008826
318 124 3798.17061228
466 413 5236.99341225
85 351 2568.77402665
73 600 6611.84543074
240 259 3978.39163482
132 683 7814.92162469
520 580 4172.52920901
297 250 6306.26672446
542 303 4385.53303488
925 445 2837.35792596
467 198 4455.38999415
362 400 8012.64625452
344 187 4825.97140481
883 846 7166.93100288
166 921 6559.5197995
243 345 2770.88433537
94 511 5182.51869268
673 711 3652.68394472
138 151 1193.64986491
825 264 5354.64284523
18 10 6049.03298057
437 441 4411.28099309
114 22 2864.71639085
741 688 2319.31024229
376 635 2281.22773962
486 277 5423.65190623
494 104 5557.41846544
155 145 8434.2456687
666 761 9394.87626316
295 810 2930.68251436
162 200 4201.0593902
898 339 2710.16604657
779 665 5200.24037906
780 574 1821.56526098
31 252 8316.9525669
86 436 6212.51961768
362 197 6574.02464248
698 502 5990.72616633
453 170 3475.47119108
863 132 8459.51535255
519 603 5299.90565954
44 812 2241.0934831
481 398 6802.83029334
308 87 2704.75507209
546 128 9088.02508799
68 375 4928.79295568
235 136 9114.08251005
423 366 6530.00765696
332 841 5893.39460752
373 718 4727.04981992
155 311 6399.72655666
68 134 6630.42230933
70 107 3961.37602356
91 303 5251.40933465
185 89 2532.5086377
739 542 2324.22029937
41 887 8082.96975127
167 420 3529.33421483
595 239 5446.69624635
8 51 3026.87958135
866 808 4549.73625609
672 10 3378.16518246
641 544 5472.99735063
855 216 9072.70632171
457 199 1689.08259123
168 142 8218.64344037
349 540 4022.35005936
318 834 648.459713475
298 107 1800.69431054
817 234 6013.48484658
809 692 8454.88024753
695 692 3049.47536471
147 463 6399.64061491
366 193 5280.50187009
100 162 3953.15064221
374 458 3420.67244851
322 228 710.211236183
359 354 5844.05681013
469 711 3104.59337112
331 126 5658.92215886
204 192 5369.85102214
353 880 9176.01765473
376 796 8436.72922405
781 27 7489.64618657
392 79 6217.00892713
308 915 3356.57563597
898 655 7309.78111847
191 321 10168.0283241
260 193 2189.61183775
776 826 2655.05178857
100 75 3864.34988064
356 221 8601.88932735
799 459 4200.77373825
637 188 2147.67315949
143 161 6372.51912512
469 341 4535.47130958
770 223 1011.18742081
58 22 7800.0
442 707 5465.93999235
748 207 8275.11933449
71 39 4771.80259441
9 29 5819.36422644
359 266 6179.33653397
767 611 6637.37900078
678 753 4805.92342844
10 18 6049.03298057
112 77 6188.58626828
527 142 8507.60835958
424 89 6279.95222912
832 374 9122.50513839
796 209 4952.13085449
12 141 5120.95694182
359 411 6809.00139521
396 300 4102.49923827
142 168 8218.64344037
41 208 7880.46952916
921 123 6989.49211317
150 263 5611.1050605
281 527 9075.73688468
264 825 5354.64284523
14 72 4284.7637041
469 536 3333.9766046
163 325 6589.23364284
460 27 7717.66804158
540 349 4022.35005936
502 698 5990.72616633
157 21 4598.31490875
322 842 6589.66615239
398 481 6802.83029334
441 834 3317.30312151
415 538 6492.218419
406 404 4685.39219276
36 77 5897.32990429
692 695 3049.47536471
234 446 4812.12011488
206 901 1025.76800496
571 302 4692.97347105
183 491 5095.69426084
42 70 3597.0265498
193 424 3866.26434689
469 535 6098.01607082
231 325 680.073525437
162 761 5271.06251149
234 922 9058.08478653
900 473 9899.2625988
611 251 5754.3896288
858 260 3885.67883387
244 429 5920.07601303
101 489 3839.59633295
345 453 4323.80619362
294 318 2640.7006646
812 319 7240.83558714
279 751 3175.05905457
46 21 8442.77797884
562 744 8949.14521058
584 294 2538.70045496
913 219 4502.02176805
143 47 5668.7300165
36 43 4200.4404531
630 697 5425.94692197
22 2 4742.00379587
150 55 6291.33531136
333 824 1030.04854255
122 61 5094.17314193
13 186 8449.59762356
620 742 3982.46155035
42 65 2752.61693666
23 481 6330.78984014
536 813 8534.8052116
10 477 3918.99221739
101 87 7944.84109344
782 317 5807.34018291
344 297 7817.75543235
821 660 1196.16052434
588 641 9192.38815543
405 92 3170.64662175
668 188 7266.09936623
463 544 2461.72703605
706 724 9160.02729254
671 602 5935.26747502
703 457 5974.41210497
871 644 5118.63262991
751 451 5287.74053826
70 87 7316.66590737
40 6 6674.92322053
132 863 8459.51535255
521 499 4247.59932197
138 456 7002.29248175
503 101 2881.73558815
323 259 5793.96237475
159 338 5673.42048503
788 258 2545.15225478
309 220 6038.61739142
220 348 5671.98377995
347 844 3412.47710615
3 299 5723.15472445
575 17 1512.38222682
889 224 6293.36952673
155 593 6089.04754457
410 740 2490.88337744
340 243 3225.91072412
68 597 4045.10815677
75 53 3501.15695164
658 629 10541.0815384
257 383 8558.23579951
352 84 9673.49471494
208 267 7996.98068023
146 846 2903.37734372
815 471 2187.64713791
161 155 4193.44726925
503 68 4743.17404277
37 142 667.083203206
421 148 7777.41602333
439 640 714.492827116
724 626 11971.4493692
690 309 7116.83216045
512 98 8066.03372172
107 70 3961.37602356
769 130 8328.07901019
588 66 5734.00383676
236 815 754.254598925
572 132 6162.11814233
623 247 3390.95856654
208 41 7880.46952916
615 806 9562.76633616
300 12 1295.2219887
249 358 8038.86807952
830 305 7354.02610819
485 467 3752.81227881
127 333 3127.12327867
19 3 3538.41772548
373 312 2061.69832905
302 662 305.941170816
602 152 963.37946833
766 250 2192.28191618
17 41 4757.14199914
629 121 6453.97551901
437 892 1510.29798384
538 54 7460.38202775
313 838 2254.99445676
188 438 9120.9484156
99 446 8047.07400239
834 55 9658.52990884
714 542 286.356421266
341 554 2144.06156628
179 374 9524.91469778
359 843 9101.23617977
533 428 6822.8439818
294 558 8431.44708813
518 826 2853.78695771
375 330 3212.78695216
32 84 9044.76091447
140 717 6599.82575528
823 413 1363.41483049
456 138 7002.29248175
809 892 4582.09559045
385 146 4114.60812229
44 548 3479.22405142
620 700 8746.36495923
435 629 3613.377921
538 891 3806.69147686
890 913 2581.54992204
352 173 7452.01315082
357 71 2240.82574066
86 48 3738.04761874
72 820 5992.70389724
127 219 3854.15360358
97 455 4867.28877302
852 896 7571.65767847
869 834 4341.65866922
366 41 4997.72948448
195 5 8657.90390337
567 357 3170.01577283
793 472 3070.3908546
633 358 6920.35403719
211 133 11143.2715124
575 298 826.801064344
236 336 1667.1532623
336 850 2660.54505694
336 236 1667.1532623
135 67 6316.05098143
193 891 1562.36999459
358 264 9593.00265819
16 4 1882.89670455
452 197 2684.2503609
607 37 8337.87143101
275 708 7986.51363237
537 25 6578.00121618
166 309 4215.83918099
404 32 1279.10124697
188 770 6898.23165746
279 14 4529.65782372
174 74 5907.70683091
105 562 3476.10414113
416 744 8039.71392526
914 299 3413.03384103
55 210 6791.70817983
681 647 4281.64687941
477 380 2363.23930231
133 138 3693.91391345
597 437 6764.21466247
579 854 3012.40767493
652 0 6361.7057461
160 627 8420.02375294
91 173 5511.09789425
594 678 2973.21374946
115 236 6571.79579719
739 339 4892.64754504
850 722 3004.03062568
409 885 5149.92232951
650 372 6095.40810775
712 890 5027.61374809
801 105 4266.53254998
720 677 465.725240888
267 206 2174.69538097
648 535 5450.59629765
367 649 6032.87659413
89 212 5389.06299833
276 673 5819.82817616
566 297 2525.78700606
622 826 491.93495505
730 19 7399.81756532
93 99 6906.81547459
76 29 980.815986819
333 127 3127.12327867
444 70 7876.49668317
127 745 3750.22665982
101 503 2881.73558815
341 314 4725.94964002
488 450 6328.26200469
257 347 3281.66116472
866 107 2340.36321967
209 533 4731.64876127
797 140 6629.03462052
229 616 4442.35298012
654 725 1840.67922246
714 320 3494.93919833
545 303 8531.28360799
736 136 9053.64567453
536 469 3333.9766046
681 537 7322.73855876
920 511 8423.21197644
447 12 4670.41754022
173 855 5114.14704521
63 8 8927.93929191
869 530 3638.035184
380 156 3698.02650072
483 508 7509.80692162
474 201 3846.77787245
249 505 7432.42894349
276 394 6471.73856085
132 375 2816.55818332
614 567 780.576709875
262 758 2090.09569159
601 213 6584.86142603
160 675 8420.92631484
729 451 4500.58885036
395 268 6587.72343075
199 329 9461.14686494
717 140 6599.82575528
407 75 3198.28078817
816 675 5520.7336469
176 189 8055.63157052
620 422 3206.55578464
287 76 5598.92846891
54 841 7648.64040206
408 472 485.489443758
23 27 7676.41192225
105 598 744.311762637
282 147 10586.3497014
708 171 10382.8175367
20 397 5456.24412944
767 893 10079.2460035
894 847 3284.93531139
834 441 3317.30312151
460 188 1742.64167286
204 378 4835.17321303
223 430 7417.12882455
390 478 3947.37887718
376 345 6122.36065583
67 178 9483.69653669
50 38 4098.25572653
14 0 1756.95759767
509 387 4387.17448935
431 319 3827.5318418
21 82 7798.52550166
340 751 5506.16018655
498 234 6779.21086853
425 538 7196.12395669
228 906 7443.6147133
530 908 1979.52014387
178 825 9248.01059688
674 658 8230.46171244
750 531 3680.48909793
804 158 3663.07248086
98 96 551.452627158
190 31 2692.67524964
82 449 1797.13661139
211 557 7591.76527561
87 70 7316.66590737
0 66 4267.13018316
22 114 2864.71639085
807 329 5150.11650354
6 40 6674.92322053
37 521 2172.67116702
618 272 5057.20278415
724 808 9833.23446278
530 379 9057.86950668
594 749 3436.80083799
644 247 4504.71974711
576 864 2668.50145213
43 53 5410.70235737
709 791 5434.93330226
379 694 9565.79322377
486 366 4367.98580584
72 14 4284.7637041
143 246 1577.84663387
148 694 6228.29832298
592 351 5298.31105165
75 407 3198.28078817
97 26 4483.61461323
691 421 6791.08238796
233 458 1227.23265928
811 641 8147.40449468
366 750 3166.38595247
535 748 2586.98666406
681 805 3747.33238451
759 263 10085.7324969
829 173 4897.19307359
9 538 4036.99145404
664 464 6860.39357472
134 360 2544.66107763
342 280 6497.33022094
744 416 8039.71392526
624 356 3325.68789877
147 282 10586.3497014
296 501 4632.59106764
442 636 773.369252039
492 904 1743.8463235
650 626 9428.57359307
334 507 3293.41767773
338 880 4747.7363027
816 923 5955.09865577
101 111 4169.43641275
66 588 5734.00383676
503 673 5481.97956946
531 651 5924.22990776
41 366 4997.72948448
381 794 5058.31987917
383 479 5988.92310854
386 71 4943.62215385
615 736 10686.4867941
906 228 7443.6147133
11 5 9053.02159503
304 9 1958.80065346
236 230 4525.50549663
312 185 6410.37440404
297 770 3395.55591914
846 449 5054.46337409
649 350 5166.29461026
81 268 5966.92550649
9 255 10333.1553748
445 430 9118.11384004
640 439 714.492827116
514 250 5571.96554189
717 364 4762.87728164
591 423 1465.40096902
261 366 3240.06172781
5 11 9053.02159503
209 297 3588.82989288
409 56 7501.49985003
232 330 4393.32448153
142 635 8424.8738863
548 474 6420.24921635
161 840 3528.00226757
219 913 4502.02176805
56 45 6040.67049259
628 371 9761.03478121
439 289 5353.97048927
920 97 2371.68716318
511 872 8682.45357028
333 500 5602.04426973
868 180 7355.16825096
27 534 6406.49670257
20 182 3890.30847106
451 751 5287.74053826
161 67 5946.42749893
255 9 10333.1553748
184 337 3646.0663735
735 883 9493.46090738
350 649 5166.29461026
131 596 5585.8839945
409 231 2317.80068168
619 663 7432.42894349
29 76 980.815986819
356 908 8341.3727887
620 177 6729.42791031
254 371 7608.92239414
878 777 8409.51841665
312 757 6386.58750821
857 834 5361.51098106
885 622 4496.77662332
119 670 7148.55230099
180 471 3986.64018943
2 1 10090.7135526
874 812 1722.35304163
259 616 7132.5240974
702 220 7023.5176372
590 124 4958.92125366
478 522 6672.2185216
248 23 7737.31219481
854 11 5540.54148978
565 657 4593.04909619
654 521 4644.49136074
72 688 756.637297521
161 286 191.049731745
206 73 1800.0
542 352 8529.74208285
662 739 2906.56154244
527 156 9762.93500951
403 146 1920.0
132 572 6162.11814233
296 653 3767.65178858
631 223 2548.27392562
83 272 7346.35964271
229 273 9490.0
102 97 5963.50568039
357 427 5667.10684565
305 830 7354.02610819
819 635 7311.97647699
434 551 6628.42364367
91 251 7595.32751104
76 337 7128.31677186
867 432 3978.19054345
150 796 826.801064344
673 276 5819.82817616
731 87 6867.67063858
235 202 7503.5258379
79 117 4045.34300153
770 243 1382.24455145
419 297 974.935895329
226 94 6433.55267329
851 315 4730.67648439
84 352 9673.49471494
266 79 2983.03536687
183 332 8854.97600223
124 271 3785.49864615
15 7 800.99937578
158 804 3663.07248086
627 160 8420.02375294
183 390 8470.7142556
593 475 2687.78719396
134 924 6873.72533638
578 337 1556.30973781
82 202 4130.1089574
526 490 7718.67864339
639 423 2675.29437633
35 64 10353.2651854
471 395 6451.85244717
53 732 2342.58404332
21 157 4598.31490875
580 688 2227.9362648
775 211 4316.13252809
9 304 1958.80065346
745 427 6158.77422869
599 314 1890.95214112
213 107 4350.36780054
433 378 8343.0689797
489 101 3839.59633295
179 874 8727.93790079
535 473 3052.75285603
204 802 4481.84113953
22 58 7800.0
388 425 5041.76556377
101 645 4776.31657242
390 445 8506.2330088
123 921 6989.49211317
637 542 4469.77628075
243 630 5912.78276279
853 565 5363.02153641
118 43 8267.21839557
742 620 3982.46155035
176 248 3055.65050358
360 357 9398.4094399
883 74 2042.76773031
912 7 5236.94567472
366 650 5557.85930013
865 57 1547.80489727
331 837 1800.49993057
136 235 9114.08251005
870 810 7534.05601253
246 143 1577.84663387
600 314 8744.19235836
430 454 6160.75482388
602 671 5935.26747502
604 322 3478.41918118
197 148 912.140340079
456 605 3344.62254971
558 253 5352.47606253
517 512 3035.06177861
39 267 5320.00939849
25 35 6230.80251653
120 95 9041.97434192
677 389 5750.62605287
678 541 7113.54342083
716 109 6134.70455686
419 375 5446.21887184
19 730 7399.81756532
258 788 2545.15225478
118 868 9919.29937042
526 609 1605.52172206
771 569 5156.9855536
567 578 3339.28135981
582 328 2780.86317535
38 464 1479.89864518
322 604 3478.41918118
5 868 10676.7036111
501 623 4611.56155765
104 706 2294.77667759
191 690 9495.94650364
270 665 5924.4577811
15 21 7452.90547371
310 293 4047.28303927
919 174 1524.63110292
479 621 490.306026885
577 614 2485.8197843
337 76 7128.31677186
796 640 5980.0083612
485 220 7391.14334863
23 25 4242.64068712
125 165 5990.72616633
842 322 6589.66615239
328 665 2032.73215156
3 25 4778.49348645
811 868 9482.45748738
261 438 6894.90391521
624 430 7508.7282545
426 576 1081.89648303
580 735 7395.5189135
546 433 9963.93496566
161 498 3342.48410617
436 86 6212.51961768
219 334 5711.49717675
354 288 8797.00517222
153 313 7935.82383877
119 169 1340.14924542
469 54 2759.14841935
252 270 6021.24571829
538 516 8761.46677218
888 294 7513.8804888
75 271 2003.24736366
511 94 5182.51869268
688 580 2227.9362648
27 23 7676.41192225
337 520 6251.82373392
723 927 7023.76679567
472 785 3633.7308651
108 154 2384.11409123
164 132 3480.35917687
31 20 6194.94148479
758 553 4139.62558693
245 650 7902.08200413
451 263 3751.33309638
569 328 2660.07518691
364 323 5539.14253292
147 181 9060.04966874
385 181 1293.21305283
522 478 6672.2185216
521 93 308.058436015
304 841 8107.44102661
485 423 4138.06718167
74 914 2666.62708304
366 760 2174.78734593
537 59 7802.49319128
442 260 5083.27650241
24 38 8959.26894339
541 505 6618.58746259
707 442 5465.93999235
267 774 3475.75890994
842 229 2928.65156685
664 765 5617.49054294
680 688 1750.25712397
366 261 3240.06172781
806 615 9562.76633616
539 216 7383.98943661
316 554 2780.01798555
562 347 7651.2286595
193 260 2189.61183775
815 543 6281.94237478
914 809 4780.88903866
772 501 7790.51987996
441 437 4411.28099309
670 374 5730.13961435
318 294 2640.7006646
600 73 6611.84543074
544 463 2461.72703605
605 456 3344.62254971
273 615 12054.0325203
493 783 133.416640641
336 887 7131.35330775
880 338 4747.7363027
667 528 2757.97026815
817 131 3676.95526217
233 671 3755.86208479
787 756 4756.60593281
165 125 5990.72616633
276 80 2304.36542241
75 48 5156.0643906
83 732 6081.6856216
10 132 4362.48782233
365 865 8167.93731612
303 542 4385.53303488
627 760 9539.44442827
78 207 7929.41359749
438 188 9120.9484156
610 504 2955.48642359
874 157 4987.03318617
481 761 5992.70389724
199 148 6718.57871875
382 396 2650.22640542
147 777 2972.35596792
153 498 3334.42648742
64 110 5192.3019943
157 522 2551.80328395
322 353 11492.8194974
899 888 9913.70768179
93 237 5989.65775316
148 307 6711.95947544
721 663 3993.35698379
277 486 5423.65190623
423 331 7874.02057401
922 422 4031.0420489
7 8 1950.20511742
751 279 3175.05905457
808 439 3553.08316818
805 681 3747.33238451
639 196 7414.37792401
209 866 1712.10396881
717 567 7950.93076312
359 304 557.135531087
213 677 6604.39247774
264 358 9593.00265819
163 80 4957.06566428
143 531 2796.30112828
75 306 5213.07970398
189 176 8055.63157052
861 69 1060.18866246
354 359 5844.05681013
462 689 5077.10547458
155 161 4193.44726925
70 701 7224.32695827
201 803 2572.56681157
20 615 3017.05154083
462 356 5155.58920008
21 382 3657.75887669
189 748 1635.72613845
391 394 4684.63445746
801 832 6970.56669145
509 16 5137.28527532
124 590 4958.92125366
330 232 4393.32448153
738 550 2381.93198895
27 213 2296.51910508
710 426 3437.86270814
395 860 3909.13033807
109 486 6345.53386249
41 17 4757.14199914
849 364 2313.87121509
840 116 4112.85788716
263 759 10085.7324969
480 337 7025.6672281
604 575 1940.92761328
163 89 3738.7297308
419 630 5695.48066453
236 571 4430.01128667
884 354 6555.0667426
426 326 2487.08664907
616 259 7132.5240974
449 82 1797.13661139
51 847 7370.24422933
892 687 3273.54547853
92 64 7218.04682722
616 686 3202.24920954
596 750 2156.4090521
341 469 4535.47130958
473 197 5361.20322316
42 762 3938.64189791
239 128 6265.37309344
425 5 7138.2070578
252 762 7513.8804888
886 883 4507.50485302
886 292 5530.73232041
246 617 7802.35861775
657 823 3927.65833545
529 762 1611.11762451
640 515 1274.87254265
21 67 913.509715329
312 127 2926.38001633
85 853 3360.01488092
918 819 8026.78640553
46 801 6765.47854922
540 260 4936.41570373
432 867 3978.19054345
50 686 3960.05050473
767 182 9022.25027363
476 450 2345.65555869
520 200 8588.18956475
387 518 10310.4461591
778 759 2508.32613509
542 356 7986.01903329
838 400 2241.53964944
307 360 2701.18492518
112 175 6584.2387563
702 469 6287.01837122
479 403 2541.51529604
670 119 7148.55230099
193 401 2045.18947777
653 432 1053.61283212
618 658 7099.47181134
825 571 8014.54926992
356 496 5220.62256824
371 628 9761.03478121
154 108 2384.11409123
428 533 6822.8439818
876 381 6939.92074883
75 328 7389.18804741
457 149 9106.06940452
357 587 8838.91961724
833 881 3496.75563916
498 849 5178.11741852
828 8 2867.14143355
802 204 4481.84113953
840 103 9420.08492531
450 488 6328.26200469
142 259 4952.38326465
423 880 8898.41558931
74 477 5846.580197
535 312 5983.39368586
369 196 3100.25805378
207 748 8275.11933449
261 265 3871.13678394
137 864 4591.64458555
262 551 9110.13721082
301 173 3079.95129832
596 897 4062.53615369
401 193 2045.18947777
475 326 2038.55340867
37 755 8280.70045346
152 909 1723.51385257
587 357 8838.91961724
230 236 4525.50549663
887 430 6216.011583
658 491 4211.424937
808 516 9400.68082641
1 2 10090.7135526
791 709 5434.93330226
298 580 3533.9071861
154 119 8183.52002503
530 612 3009.11947254
124 131 7771.85949436
17 575 1512.38222682
217 218 9044.99861802
511 920 8423.21197644
81 388 2162.33669904
704 234 8682.01013591
218 719 10222.6121906
805 901 4930.36509804
493 376 8050.44719255
621 196 4645.10495038
735 580 7395.5189135
173 91 5511.09789425
375 419 5446.21887184
32 11 8244.42235696
142 527 8507.60835958
215 538 7826.65318
365 724 6711.92967782
367 357 5153.21259022
191 350 5943.03794368
868 811 9482.45748738
500 333 5602.04426973
580 298 3533.9071861
121 16 5563.85657615
11 17 2499.29990197
88 786 6121.19269424
106 401 1572.89541928
601 727 5988.47225927
400 510 4352.25229048
330 268 2659.26681625
3 254 3169.87381452
921 359 7471.71332427
542 739 2324.22029937
650 245 7902.08200413
727 442 3986.50222626
196 725 7345.29100853
54 0 5381.64473001
383 257 8558.23579951
630 660 4619.53460859
316 612 4065.18142277
79 56 6848.68600536
8 258 4248.07015008
510 283 2625.20475392
54 153 1082.68185539
36 816 4260.01173707
330 494 3908.06857668
41 158 4311.85574898
922 234 9058.08478653
448 885 4800.80201633
83 170 2944.91086453
139 569 3588.60697207
696 564 3436.42255842
72 185 832.58633186
183 720 7196.40187872
424 161 7467.75736081
620 576 6424.35989029
65 78 10180.0196463
925 181 3989.43605037
234 213 7345.59732084
532 9 3020.7614934
770 345 2448.26469157
197 913 3922.55019088
774 369 3362.03807236
23 248 7737.31219481
26 12 4544.28212152
137 7 1253.9936204
712 547 3591.67092034
711 96 4229.95271841
234 817 6013.48484658
55 834 9658.52990884
2 638 10241.4110356
846 103 1058.0170131
886 517 1404.06552554
498 890 4917.69254834
337 568 1910.49731745
711 769 4713.49127505
765 664 5617.49054294
185 201 955.091618642
755 1 8370.54359047
332 808 2288.44925659
5 425 7138.2070578
462 42 2144.48128926
832 294 5040.97212847
890 712 5027.61374809
755 869 5001.19985603
20 253 5542.7971278
369 309 2298.891037
421 756 5163.66149162
690 191 9495.94650364
764 327 5025.37560785
197 413 4257.61670421
217 188 5907.77453869
897 34 6479.35953625
440 563 5784.5743145
283 510 2625.20475392
444 855 1821.67505335
156 380 3698.02650072
505 249 7432.42894349
550 738 2381.93198895
2 12 7810.53775357
684 125 7320.85377535
308 249 4599.48910206
651 531 5924.22990776
48 487 4736.01097972
835 645 6138.87611864
141 12 5120.95694182
783 493 133.416640641
768 277 6360.38520846
200 290 3610.60936685
455 97 4867.28877302
183 124 7992.55278369
758 15 7064.00028313
320 492 3314.5286241
337 578 1556.30973781
231 133 7966.84379162
324 856 3866.74281534
182 188 7762.53824467
238 73 2685.55394658
20 132 3412.34523459
757 312 6386.58750821
913 197 3922.55019088
619 299 6218.76193466
909 152 1723.51385257
583 321 10089.2913527
34 383 7130.79238234
685 122 4228.09649843
716 839 5253.04673499
589 463 6920.11560597
807 167 3854.98378726
151 470 3177.18428801
29 227 321.4031736
875 440 3720.65854386
451 90 4645.43862299
27 781 7489.64618657
128 546 9088.02508799
238 171 2933.18939041
844 770 1903.18154678
132 679 2384.78510562
216 855 9072.70632171
225 182 3269.64829913
282 641 3290.86614738
523 453 6606.98115632
691 615 5771.24769872
581 780 5878.30757957
893 767 10079.2460035
360 307 2701.18492518
397 720 3189.6081264
45 494 6790.1178193
883 441 8063.40498797
223 631 2548.27392562
280 193 4073.97839955
66 155 6195.78082246
196 480 6352.32240995
491 209 2589.53663809
607 754 1922.8364465
683 735 8661.63956766
614 577 2485.8197843
376 367 3230.97508502
467 485 3752.81227881
749 594 3436.80083799
130 88 6726.07612208
815 236 754.254598925
139 839 3153.56940624
641 588 9192.38815543
254 451 3156.34282042
608 206 7294.23059685
55 150 6291.33531136
220 284 5401.37019653
649 874 6216.34136772
321 166 7249.82758416
67 115 3883.36194553
177 44 6628.13699315
30 734 7349.91156409
403 204 2545.68261965
346 166 7192.00945494
697 630 5425.94692197
701 70 7224.32695827
125 678 4340.38016768
170 453 3475.47119108
117 399 2489.27700347
814 287 5266.59282649
736 615 10686.4867941
294 631 9407.07180795
886 776 5750.62605287
8 7 1950.20511742
562 904 8851.24285058
65 42 2752.61693666
529 238 5661.81066444
433 209 6226.73269059
414 461 3704.49726684
711 911 8887.84563322
791 767 8976.06818156
920 775 3238.57993571
151 156 9148.22387133
317 116 4612.09280045
248 176 3055.65050358
582 117 7068.70568067
250 514 5571.96554189
569 621 3270.48926003
321 191 10168.0283241
80 179 5628.58774472
167 329 4483.97145397
136 314 9032.41385234
407 530 2650.0
835 293 6358.08933564
353 322 11492.8194974
332 183 8854.97600223
87 101 7944.84109344
72 258 1675.73864311
492 320 3314.5286241
847 894 3284.93531139
228 141 8642.70790898
339 898 2710.16604657
88 130 6726.07612208
287 354 4034.76145515
416 62 9148.3003886
680 625 5585.01566694
844 364 7437.18360672
309 76 6459.79875848
700 620 8746.36495923
719 732 7808.31607967
29 93 7750.18064306
343 587 7552.46317436
54 538 7460.38202775
273 94 9969.28282275
644 688 1601.53051797
314 232 7731.24828213
78 65 10180.0196463
298 443 1424.1137595
889 193 2004.81919384
562 105 3476.10414113
48 52 6063.86840227
749 33 8595.90600228
837 161 3308.54953114
12 599 1341.71532003
911 655 8677.61487968
101 85 7338.78736577
169 794 5000.64995776
664 275 7005.26944521
923 85 6861.84377555
192 398 7440.02688167
265 456 5657.99434429
104 288 6745.02779831
5 420 3317.4689147
516 537 1149.6521213
3 19 3538.41772548
629 176 11054.0580784
594 370 1796.94184658
464 664 6860.39357472
230 656 7196.02668144
356 811 8488.04453334
56 242 3231.67139419
415 294 7674.40551444
388 836 4433.55387923
351 592 5298.31105165
501 296 4632.59106764
11 32 8244.42235696
160 588 8204.44391778
547 649 4177.3795614
531 780 3123.58768086
607 894 8232.93993662
80 18 1708.9177862
153 252 8471.90651506
544 641 5472.99735063
251 91 7595.32751104
911 660 5474.8333308
898 62 7002.54239544
539 646 717.00767081
315 851 4730.67648439
517 886 1404.06552554
230 77 3102.20889045
913 16 2941.59820506
606 167 696.419413859
112 167 5264.59875014
573 465 8304.07129064
43 300 2800.07142766
710 129 3656.25491453
754 607 1922.8364465
36 365 1631.96200936
94 273 9969.28282275
95 120 9041.97434192
65 785 2680.76481624
631 294 9407.07180795
336 20 2440.73759343
481 872 4615.46314036
337 877 2449.89795706
48 83 2116.53017933
806 558 2570.0
639 138 5993.70503111
327 771 6476.11766416
198 141 5306.34525827
354 488 7810.37771174
9 3 6399.06243133
354 884 6555.0667426
856 324 3866.74281534
52 103 1843.58346706
21 15 7452.90547371
127 312 2926.38001633
237 93 5989.65775316
366 661 5300.4339445
422 620 3206.55578464
672 481 1043.88696706
858 821 5308.00339111
234 452 4767.30531852
640 847 9053.55178922
701 447 3062.43367275
331 444 6608.75177322
193 72 5062.19320058
377 206 4817.38518286
394 276 6471.73856085
177 620 6729.42791031
36 210 3535.64704121
804 373 5471.79129719
842 477 4949.5959431
597 10 8002.01224693
184 373 4224.54731303
441 883 8063.40498797
832 731 8136.51645362
589 112 2818.11994067
102 328 3018.77458582
139 101 1411.98441918
820 853 4079.46074868
485 881 4241.42664678
108 752 9409.68118482
878 71 1045.60986988
181 925 3989.43605037
308 779 2637.59360023
807 121 6784.92446531
592 289 3456.54451729
591 363 6567.9601095
719 806 4374.76856531
150 615 8684.34223186
904 562 8851.24285058
448 926 6164.35722521
361 339 4736.7710521
432 653 1053.61283212
329 807 5150.11650354
182 323 5241.03997314
448 392 4312.58623102
497 489 5757.82076831
228 645 7027.01216734
112 589 2818.11994067
726 250 6958.00258695
54 469 2759.14841935
161 143 6372.51912512
472 793 3070.3908546
107 264 6709.81370829
91 561 2908.69386495
38 24 8959.26894339
3 6 4377.14518836
732 330 5367.69969354
632 342 3286.35055951
410 12 2418.13978091
428 830 1726.78892746
197 452 2684.2503609
694 898 7204.83865191
73 206 1800.0
329 513 6597.85571228
717 99 8645.65208645
225 421 364.965751818
258 72 1675.73864311
423 152 6377.86798233
25 537 6578.00121618
192 204 5369.85102214
103 30 7909.18453445
468 361 9220.16268837
623 137 3480.41664173
127 916 1838.72238253
369 913 5495.0887163
852 794 2684.66012746
891 193 1562.36999459
467 380 637.887137353
450 476 2345.65555869
740 410 2490.88337744
568 337 1910.49731745
834 869 4341.65866922
242 295 5018.97399874
760 366 2174.78734593
62 10 6871.25170548
559 775 3059.29730494
583 235 5661.49273602
732 679 3189.54542216
681 145 7321.80988554
477 529 3001.93271077
4 903 9218.52482776
423 591 1465.40096902
708 261 6834.41292285
150 313 9488.18739275
508 483 7509.80692162
823 116 4900.09183587
213 27 2296.51910508
217 267 6705.37098153
225 906 4730.51794204
544 574 8735.04436165
357 567 3170.01577283
245 629 5404.96068441
452 234 4767.30531852
163 450 1799.80554505
825 75 2250.88871338
93 29 7750.18064306
111 533 6914.88973159
258 498 2003.52189906
591 692 6727.14649759
522 550 7330.93445612
502 805 6422.22702806
655 139 4425.98011744
344 557 6226.13845011
914 316 3713.89283636
898 591 9901.52513505
865 58 6727.14649759
153 73 6847.65653344
282 761 8240.15169763
847 640 9053.55178922
812 44 2241.0934831
178 67 9483.69653669
125 840 9713.1354361
397 163 2715.52941431
625 298 4183.06108012
879 35 4137.93426724
473 762 6057.32614278
257 138 3677.89341879
446 234 4812.12011488
85 101 7338.78736577
920 849 3812.74179561
339 496 4242.31069112
199 470 1407.302384
515 420 4552.59266792
76 355 7093.26441069
170 232 5160.78482404
421 225 364.965751818
121 228 5951.20996101
411 359 6809.00139521
12 410 2418.13978091
285 532 1012.42283657
688 644 1601.53051797
12 159 5770.51990725
558 40 3230.51079552
220 341 4678.12996827
882 271 1265.30628703
480 831 2580.71695465
390 726 9973.73049566
173 222 3438.61890881
139 655 4425.98011744
726 390 9973.73049566
658 618 7099.47181134
643 696 9282.46734441
881 485 4241.42664678
826 622 491.93495505
629 245 5404.96068441
62 898 7002.54239544
545 625 3637.48539516
140 307 6544.40982824
305 191 9521.68577511
15 892 5411.70028734
587 343 7552.46317436
184 162 4482.58853789
564 850 4461.35629602
521 37 2172.67116702
297 344 7817.75543235
616 229 4442.35298012
580 318 3449.20280645
433 709 11791.3951677
33 88 4281.41331805
593 155 6089.04754457
821 858 5308.00339111
151 138 1193.64986491
860 395 3909.13033807
629 178 7997.90597594
413 357 4695.95570678
463 28 1778.67928531
308 405 2490.98374142
336 566 6542.05625167
397 499 4489.28724855
805 502 6422.22702806
309 369 2298.891037
58 845 5843.77446519
386 836 734.982993001
186 516 4935.39258823
231 409 2317.80068168
581 234 1697.43924781
47 23 3902.88354938
675 160 8420.92631484
109 111 3893.8156094
400 893 8494.21567892
2 404 3957.18334172
288 104 6745.02779831
74 34 630.317380373
257 53 10658.6537611
484 47 5834.42370762
853 887 4704.85919024
105 873 2363.23930231
18 80 1708.9177862
769 776 5476.58652812
68 822 5348.69142875
275 12 9192.10530836
758 262 2090.09569159
2 3 7440.02688167
392 667 5016.30341985
655 698 6359.72483681
403 603 6579.43766594
269 161 4880.50202336
300 396 4102.49923827
441 833 7375.61522858
221 829 8490.09422798
844 347 3412.47710615
838 313 2254.99445676
663 619 7432.42894349
387 42 5381.00362386
133 103 5960.03355695
796 150 826.801064344
65 388 7060.60195734
191 305 9521.68577511
504 89 3750.01333331
837 692 5599.15172147
911 711 8887.84563322
626 82 6631.62121958
864 137 4591.64458555
810 803 4632.76375396
595 75 4148.36112218
591 924 9576.3249736
799 189 2220.36033112
840 290 8027.85774662
145 681 7321.80988554
288 532 4139.61350853
380 477 2363.23930231
243 770 1382.24455145
224 524 7998.9311786
903 708 5989.69949163
924 591 9576.3249736
157 493 6054.06475023
604 442 3950.31644302
695 109 3923.37864601
126 265 2890.0
20 336 2440.73759343
280 531 6554.78451209
171 164 8267.58731433
686 336 7793.59352289
249 383 9863.79237413
379 530 9057.86950668
457 703 5974.41210497
15 758 7064.00028313
590 417 2146.92803792
97 102 5963.50568039
57 108 6952.61821187
209 55 5383.53972773
320 222 2313.54706025
428 343 3226.22069921
89 424 6279.95222912
56 19 1968.17174047
365 578 4133.9206572
58 180 7795.29345182
227 234 5241.08767337
45 15 958.59271852
249 89 4473.84621998
157 160 6719.31544132
340 384 1454.99140891
911 459 9346.7480976
383 34 7130.79238234
646 539 717.00767081
767 145 1094.80591887
611 730 4976.18327637
833 731 6854.81582539
200 87 8826.01268977
237 334 4077.35208193
558 294 8431.44708813
679 732 3189.54542216
121 128 5508.17574157
411 17 2899.27577164
3 7 5708.28345477
678 684 3172.9481559
572 456 5200.08653774
628 753 1863.0083199
719 218 10222.6121906
206 267 2174.69538097
5 745 6712.71182161
9 91 2410.33192735
770 844 1903.18154678
32 404 1279.10124697
654 563 431.393092202
17 11 2499.29990197
755 37 8280.70045346
572 565 5963.79912472
281 225 8277.40297436
526 436 4907.99348003
630 243 5912.78276279
890 498 4917.69254834
380 633 5620.81844574
822 320 570.350769264
380 467 637.887137353
29 582 8132.17068193
186 731 2298.36898691
294 584 2538.70045496
208 127 3765.58096447
885 859 2403.60146447
101 870 4342.94830731
709 178 5560.44063002
765 437 3272.99556981
338 159 5673.42048503
571 49 7750.52256303
599 859 3483.23125847
207 78 7929.41359749
246 586 6056.35203732
345 376 6122.36065583
232 890 7378.78716321
15 45 958.59271852
58 865 6727.14649759
517 875 6244.26937279
612 530 3009.11947254
379 874 5370.4096678
467 121 3581.13110623
456 572 5200.08653774
221 356 8601.88932735
690 485 3205.15210248
371 254 7608.92239414
299 647 4311.49626
447 701 3062.43367275
247 560 3161.28138577
175 343 4337.19955732
323 182 5241.03997314
531 637 4986.27115187
641 282 3290.86614738
330 787 6344.20207749
402 132 4831.32487005
494 45 6790.1178193
638 198 6242.89195806
228 121 5951.20996101
794 169 5000.64995776
87 166 6438.08977881
289 235 4967.43394521
825 9 2605.99309285
1 20 7783.21912836
209 433 6226.73269059
794 238 1120.1785572
43 68 1747.34083681
101 139 1411.98441918
504 593 1153.64639296
899 420 7686.78086067
432 168 5755.86657246
215 151 7969.19067409
255 300 7638.07567389
789 425 5074.36695559
576 426 1081.89648303
133 91 9672.48158437
10 93 6338.46195855
69 861 1060.18866246
261 606 4825.78491025
533 111 6914.88973159
699 404 8097.65398125
220 702 7023.5176372
739 662 2906.56154244
11 841 7887.11607623
112 413 6896.03509272
596 351 2114.42663623
67 21 913.509715329
858 296 5934.87994824
398 192 7440.02688167
328 711 3647.16328124
149 44 2751.18156435
132 20 3412.34523459
188 217 5907.77453869
247 260 1568.21554641
891 538 3806.69147686
413 466 5236.99341225
290 840 8027.85774662
864 51 3951.02518342
97 622 7591.71258676
740 155 930.591209931
406 334 7727.3863628
261 14 3045.8660509
233 4 2644.86294541
698 70 3779.55023779
475 67 2493.77224301
867 175 8040.52858959
818 554 7248.72402565
392 525 2702.0917823
389 677 5750.62605287
672 463 2538.60197747
489 232 4248.02306962
116 9 6484.44292133
894 505 5047.47461608
752 108 9409.68118482
254 187 6552.68647197
789 148 6483.90314548
55 613 7782.39680304
367 376 3230.97508502
591 898 9901.52513505
371 125 7585.77616332
776 769 5476.58652812
465 573 8304.07129064
7 902 694.262198308
543 815 6281.94237478
483 283 1677.05098312
90 72 1062.30880633
200 520 8588.18956475
510 400 4352.25229048
809 906 1671.07749671
432 747 1363.08473691
324 476 6996.94218927
470 151 3177.18428801
400 362 8012.64625452
382 21 3657.75887669
574 780 1821.56526098
93 521 308.058436015
166 321 7249.82758416
810 870 7534.05601253
286 161 191.049731745
262 611 5927.44464335
264 107 6709.81370829
111 101 4169.43641275
60 179 10279.1147479
320 822 570.350769264
569 771 5156.9855536
635 819 7311.97647699
177 583 8508.68967585
694 379 9565.79322377
803 810 4632.76375396
571 236 4430.01128667
627 507 10461.3813619
611 767 6637.37900078
464 570 8983.86331152
321 412 4676.29126552
818 114 4244.38452546
749 586 8196.20033918
436 526 4907.99348003
798 315 2502.17905035
733 376 3842.92857076
26 97 4483.61461323
137 623 3480.41664173
193 141 3033.56226242
395 713 3001.93271077
853 820 4079.46074868
125 32 7989.24276762
549 371 2220.09008826
145 34 1880.95720313
201 221 5167.05912488
750 499 4204.87811952
2 22 4742.00379587
38 311 1210.16527797
558 590 4559.40785629
357 413 4695.95570678
430 445 9118.11384004
575 391 2173.89052162
52 58 6831.17852204
687 130 3434.210244
827 571 1525.02458997
210 36 3535.64704121
603 519 5299.90565954
403 153 3828.73347205
470 199 1407.302384
879 690 9881.38148236
734 30 7349.91156409
892 15 5411.70028734
131 124 7771.85949436
811 249 1252.27792442
629 658 10541.0815384
188 460 1742.64167286
405 600 3561.0251333
541 678 7113.54342083
46 252 2522.10229769
283 730 2572.87776624
105 801 4266.53254998
761 282 8240.15169763
551 262 9110.13721082
665 25 7556.00423504
404 406 4685.39219276
260 698 3636.00055005
597 68 4045.10815677
376 493 8050.44719255
29 205 1284.71786786
533 209 4731.64876127
273 238 10247.4435836
554 316 2780.01798555
112 103 3923.78643659
152 115 4168.11708089
62 416 9148.3003886
564 696 3436.42255842
49 10 3513.00441218
162 786 2151.11598943
841 54 7648.64040206
655 911 8677.61487968
37 238 8913.99461521
516 538 8761.46677218
849 920 3812.74179561
97 262 7112.67179054
152 599 2164.80946044
706 104 2294.77667759
796 845 5560.65643607
511 248 7091.81218025
305 814 7730.89904216
841 332 5893.39460752
325 163 6589.23364284
347 257 3281.66116472
654 629 4734.81784233
157 874 4987.03318617
807 583 4756.05929315
54 392 5207.78263755
754 393 4808.37810493
756 421 5163.66149162
461 564 2652.28203628
575 693 5048.34626388
44 41 3129.29704566
135 823 5648.8051834
375 68 4928.79295568
12 2 7810.53775357
603 225 4069.85257718
125 50 3830.05221897
436 643 9624.76493219
39 71 4771.80259441
93 506 7799.10251247
185 312 6410.37440404
243 187 4204.48569982
186 297 6357.48377898
583 396 7105.66675267
302 737 4320.41664657
378 772 396.232255123
252 813 3571.91825214
182 225 3269.64829913
720 397 3189.6081264
96 98 551.452627158
222 173 3438.61890881
814 305 7730.89904216
329 707 10084.0715983
1 30 7435.24713779
196 520 7445.03190054
180 319 1173.413823
553 758 4139.62558693
475 467 822.192191644
777 878 8409.51841665
685 444 5255.18791291
435 105 6053.8995697
8 61 2485.0150905
300 43 2800.07142766
599 12 1341.71532003
67 135 6316.05098143
285 196 5056.64908808
72 90 1062.30880633
897 596 4062.53615369
238 529 5661.81066444
494 330 3908.06857668
537 516 1149.6521213
170 721 5708.28345477
395 471 6451.85244717
652 745 7990.90733271
283 18 2576.70332014
801 46 6765.47854922
430 792 9505.91920858
234 434 3801.39448098
20 73 679.117073854
187 37 6555.49387918
667 392 5016.30341985
235 583 5661.49273602
74 587 9322.68738079
844 91 5541.70551365
299 3 5723.15472445
250 766 2192.28191618
487 48 4736.01097972
548 630 7618.32002478
164 600 9530.0
626 287 7361.28385542
240 174 3532.39295662
534 545 9983.89202666
202 82 4130.1089574
498 161 3342.48410617
808 866 4549.73625609
116 840 4112.85788716
48 75 5156.0643906
289 555 5880.14455605
745 652 7990.90733271
698 310 4196.72491355
93 10 6338.46195855
347 883 1264.00158228
169 119 1340.14924542
647 196 2140.0
260 858 3885.67883387
906 809 1671.07749671
627 759 1811.7670932
692 837 5599.15172147
13 329 8174.87002955
34 5 5378.19672381
473 535 3052.75285603
127 288 2246.59742722
610 263 5703.75315034
408 840 2792.06017127
245 181 4022.4619327
45 56 6040.67049259
530 869 3638.035184
567 717 7950.93076312
532 288 4139.61350853
516 186 4935.39258823
76 287 5598.92846891
3 9 6399.06243133
665 270 5924.4577811
539 75 6106.29183711
575 450 4869.63037612
172 445 8070.99746004
463 147 6399.64061491
122 685 4228.09649843
447 128 6422.25038441
378 204 4835.17321303
198 467 4455.38999415
923 816 5955.09865577
219 890 6852.51778546
75 100 3864.34988064
437 597 6764.21466247
369 508 9846.5425404
663 721 3993.35698379
346 314 7296.52657091
397 840 5152.74684028
250 2 8314.71587007
433 546 9963.93496566
56 81 3270.48926003
640 459 9104.73503184
789 449 2402.35301319
330 375 3212.78695216
167 112 5264.59875014
314 141 6150.65037212
626 650 9428.57359307
711 469 3104.59337112
603 244 1966.97737659
825 178 9248.01059688
506 23 5939.80639415
347 562 7651.2286595
310 698 4196.72491355
222 247 4484.02720777
390 803 4349.54020558
227 671 7770.4890451
531 0 4460.78468434
162 184 4482.58853789
53 332 728.010988928
456 48 2453.48731401
383 190 3564.22502095
316 914 3713.89283636
298 625 4183.06108012
798 85 5061.74870969
721 661 4507.20534256
133 559 5501.94511059
526 579 4815.24661881
283 703 4349.02287876
486 593 4594.92110922
105 435 6053.8995697
182 20 3890.30847106
175 65 8110.394565
521 654 4644.49136074
78 542 1194.19428905
48 456 2453.48731401
294 415 7674.40551444
303 545 8531.28360799
881 600 7327.07990949
743 85 2313.11478314
538 9 4036.99145404
312 535 5983.39368586
8 198 4971.63956859
135 733 4903.54973463
10 28 5530.29836446
892 437 1510.29798384
420 5 3317.4689147
77 36 5897.32990429
406 80 8257.38457382
542 637 4469.77628075
728 14 6964.74694443
156 527 9762.93500951
765 407 5606.30002765
268 81 5966.92550649
362 372 8769.15047197
310 618 3936.86423439
626 724 11971.4493692
7 3 5708.28345477
364 844 7437.18360672
229 842 2928.65156685
31 393 2748.03566207
786 88 6121.19269424
456 907 1921.06741162
140 797 6629.03462052
578 365 4133.9206572
82 339 6197.24132175
525 392 2702.0917823
502 230 7978.67783533
506 304 6607.20818501
216 11 1618.91939268
146 385 4114.60812229
203 715 3883.4649477
243 156 5680.95942601
851 38 2561.26921662
523 517 4909.67412361
889 658 6325.32212618
428 839 4911.31346994
485 690 3205.15210248
89 249 4473.84621998
34 897 6479.35953625
17 191 2330.77240416
555 289 5880.14455605
166 87 6438.08977881
756 787 4756.60593281
80 276 2304.36542241
82 40 3126.73951585
615 150 8684.34223186
600 405 3561.0251333
728 761 9080.20374221
642 349 7988.89228867
225 603 4069.85257718
224 372 9295.48815286
4 5 3672.88714774
794 381 5058.31987917
353 539 5820.07731907
762 252 7513.8804888
193 196 6678.8097742
638 92 3197.57720782
490 526 7718.67864339
590 558 4559.40785629
130 687 3434.210244
5 34 5378.19672381
61 69 3170.50469169
7 137 1253.9936204
473 900 9899.2625988
254 3 3169.87381452
831 480 2580.71695465
94 23 3520.80956599
442 604 3950.31644302
55 743 10432.5739873
189 651 3891.65774446
445 172 8070.99746004
245 831 3673.71746328
781 221 10069.4091187
51 854 7351.74129033
820 72 5992.70389724
476 371 10166.4398882
422 275 6889.71697532
261 708 6834.41292285
117 79 4045.34300153
173 301 3079.95129832
339 518 4563.9566168
266 359 6179.33653397
381 117 1864.29611382
130 96 5707.53887416
612 316 4065.18142277
315 798 2502.17905035
172 48 4463.05948874
636 442 773.369252039
765 239 7083.78429937
473 407 1592.38814364
346 335 8354.286325
735 422 9313.1519906
868 5 10676.7036111
103 840 9420.08492531
407 765 5606.30002765
887 41 8082.96975127
71 357 2240.82574066
312 556 3521.6473418
847 51 7370.24422933
71 9 7010.0
177 421 6375.01372548
83 363 2928.82228891
762 473 6057.32614278
727 601 5988.47225927
126 399 5265.22554123
236 896 6614.54457994
313 531 5030.50693271
167 408 4736.25379388
278 176 7475.8945953
685 656 2910.54977625
135 601 2560.31248093
908 356 8341.3727887
512 517 3035.06177861
876 688 5307.27802174
328 102 3018.77458582
1 0 6957.15459078
256 264 8632.26505617
493 746 3676.13927919
96 130 5707.53887416
206 406 4465.08678527
334 715 3862.46035578
888 871 5070.55223817
582 29 8132.17068193
450 575 4869.63037612
624 862 5119.6288928
571 825 8014.54926992
91 844 5541.70551365
368 156 2602.49879923
77 230 3102.20889045
136 274 4670.29977625
119 154 8183.52002503
194 79 6030.1658352
766 900 2537.7549133
31 190 2692.67524964
641 811 8147.40449468
162 100 3953.15064221
754 544 4726.61612573
225 281 8277.40297436
392 54 5207.78263755
603 403 6579.43766594
913 404 3467.70817688
38 55 2996.68149792
770 364 8369.38468467
82 21 7798.52550166
738 906 4345.87160418
431 108 3784.4154106
141 193 3033.56226242
108 431 3784.4154106
678 594 2973.21374946
145 262 7109.20530017
660 630 4619.53460859
238 37 8913.99461521
826 858 3180.25156238
501 772 7790.51987996
600 164 9530.0
12 447 4670.41754022
89 494 4927.20001624
677 213 6604.39247774
769 711 4713.49127505
239 595 5446.69624635
311 38 1210.16527797
166 346 7192.00945494
42 387 5381.00362386
725 654 1840.67922246
701 614 6596.18829325
249 811 1252.27792442
177 6 4377.13376538
507 334 3293.41767773
53 257 10658.6537611
20 1 7783.21912836
77 112 6188.58626828
97 920 2371.68716318
578 567 3339.28135981
98 512 8066.03372172
822 68 5348.69142875
80 174 2501.99920064
337 806 1911.33461225
309 690 7116.83216045
441 490 9016.4128122
85 923 6861.84377555
211 775 4316.13252809
30 457 9539.69601193
145 767 1094.80591887
537 64 7953.797835
18 264 9826.99343645
746 765 5443.12410294
175 112 6584.2387563
547 59 3100.79022186
486 453 6440.13975004
609 163 4256.72409254
420 515 4552.59266792
705 13 5047.58358029
209 491 2589.53663809
405 308 2490.98374142
807 775 3961.37602356
472 408 485.489443758
553 542 9503.28364304
883 886 4507.50485302
360 134 2544.66107763
520 337 6251.82373392
153 54 1082.68185539
598 419 1039.42291681
854 51 7351.74129033
517 523 4909.67412361
477 10 3918.99221739
358 633 6920.35403719
499 750 4204.87811952
281 717 6418.48891874
908 703 7638.46188706
819 918 8026.78640553
471 155 5354.22263265
239 175 7127.7065035
298 575 826.801064344
885 409 5149.92232951
59 537 7802.49319128
580 169 4425.57340918
121 145 8747.14239052
105 79 8799.3181554
927 723 7023.76679567
89 504 3750.01333331
622 722 5747.08621825
625 545 3637.48539516
2 10 3760.05319111
58 223 3172.38080942
739 402 5121.37676802
577 83 2872.10724034
669 461 1102.90525432
745 127 3750.22665982
748 535 2586.98666406
306 75 5213.07970398
911 111 8177.49350351
181 147 9060.04966874
374 179 9524.91469778
621 383 6231.69318885
683 132 7814.92162469
813 536 8534.8052116
80 676 3232.08910768
709 711 9535.65938989
287 539 6376.68409128
209 15 4566.97930803
592 885 4942.22621902
647 299 4311.49626
614 145 5230.06692118
83 577 2872.10724034
465 398 5544.62803081
564 48 5717.56066868
124 50 8302.92719467
329 910 6489.49921026
588 910 8934.4389863
770 297 3395.55591914
258 8 4248.07015008
297 566 2525.78700606
85 798 5061.74870969
68 503 4743.17404277
52 755 7944.28725563
435 237 1770.02824836
274 136 4670.29977625
129 192 10349.9806763
404 913 3467.70817688
156 135 5090.27504168
524 898 3104.12628609
372 650 6095.40810775
70 444 7876.49668317
437 765 3272.99556981
538 425 7196.12395669
521 599 4434.19665779
902 921 1943.11605418
686 154 2081.24962462
786 162 2151.11598943
414 441 7064.76468115
456 79 4900.37753648
2 250 8314.71587007
705 258 3549.67604156
439 709 1980.0
43 36 4200.4404531
444 331 6608.75177322
524 224 7998.9311786
874 179 8727.93790079
746 493 3676.13927919
557 211 7591.76527561
456 265 5657.99434429
115 67 3883.36194553
79 105 8799.3181554
6 315 2490.98374142
10 672 3378.16518246
155 66 6195.78082246
249 291 2324.75805193
11 140 2260.55302968
341 371 7217.34023031
767 60 11518.6674577
270 252 6021.24571829
848 617 8698.76428006
686 50 3960.05050473
392 565 3571.06426713
373 804 5471.79129719
319 218 6660.28527918
138 594 6318.04558388
732 719 7808.31607967
52 60 9680.49585507
126 31 2573.86868352
474 548 6420.24921635
293 310 4047.28303927
198 638 6242.89195806
496 339 4242.31069112
243 340 3225.91072412
244 78 6575.25664898
292 886 5530.73232041
136 736 9053.64567453
730 187 7201.09019524
142 37 667.083203206
289 439 5353.97048927
93 895 3515.57961082
205 357 7126.18411213
558 806 2570.0
853 746 2540.23620949
780 531 3123.58768086
123 350 1212.02310209
33 7 1360.58810814
272 83 7346.35964271
515 484 6601.63616083
111 911 8177.49350351
240 679 6786.81810571
332 53 728.010988928
116 823 4900.09183587
171 241 4025.17080383
671 233 3755.86208479
124 183 7992.55278369
267 293 3750.73326164
90 451 4645.43862299
56 79 6848.68600536
57 327 5871.84809068
370 594 1796.94184658
511 507 6053.99867856
9 127 6047.23077119
212 15 5842.57648645
430 887 6216.011583
571 704 3832.07515584
400 838 2241.53964944
111 109 3893.8156094
441 414 7064.76468115
125 371 7585.77616332
428 720 2233.76364014
250 297 6306.26672446
718 373 4727.04981992
837 737 5625.20221859
370 479 3244.2256395
481 672 1043.88696706
831 245 3673.71746328
374 670 5730.13961435
247 644 4504.71974711
303 91 5251.40933465
103 846 1058.0170131
587 593 8060.93046738
437 310 3306.47848927
424 448 4182.34384048
775 600 6420.87221489
117 381 1864.29611382
334 237 4077.35208193
465 2 9007.06944572
302 289 4094.80158249
423 485 4138.06718167
326 475 2038.55340867
686 862 9061.24163677
837 716 3547.74576316
496 903 2860.36710931
832 801 6970.56669145
134 68 6630.42230933
193 889 2004.81919384
34 104 5098.28402504
107 866 2340.36321967
591 444 5726.84904638
666 168 4879.23149687
190 383 3564.22502095
28 59 3709.36652274
549 2 6562.81951603
178 629 7997.90597594
146 74 4448.90997886
129 2 9813.48561929
256 694 4231.14641675
104 494 5557.41846544
7 33 1360.58810814
872 481 4615.46314036
252 153 8471.90651506
284 220 5401.37019653
303 671 9710.12873241
658 49 9974.62781261
308 157 2135.27515791
805 742 3734.83600711
862 686 9061.24163677
476 161 3567.42203839
114 412 2823.04799818
8 828 2867.14143355
67 475 2493.77224301
416 138 2950.6101064
694 148 6228.29832298
145 614 5230.06692118
514 345 1880.42548377
419 598 1039.42291681
737 661 3025.24379183
538 215 7826.65318
732 53 2342.58404332
206 377 4817.38518286
463 672 2538.60197747
372 478 7757.60916778
785 65 2680.76481624
764 405 5421.7709284
135 156 5090.27504168
548 44 3479.22405142
677 117 6314.84758328
271 882 1265.30628703
492 176 9000.11111043
677 720 465.725240888
917 369 6663.88775416
207 282 180.277563773
906 738 4345.87160418
282 207 180.277563773
532 285 1012.42283657
138 133 3693.91391345
418 543 3299.48480827
74 109 5876.00204221
845 58 5843.77446519
313 153 7935.82383877
296 858 5934.87994824
605 791 3851.86967588
617 848 8698.76428006
251 296 8639.49072573
750 596 2156.4090521
36 33 7031.96274165
189 423 4367.98580584
619 72 3244.45681124
366 423 6530.00765696
158 41 4311.85574898
804 600 7164.67026457
417 590 2146.92803792
507 627 10461.3813619
772 378 396.232255123
765 746 5443.12410294
297 209 3588.82989288
408 311 6538.38665115
823 283 1438.92320851
317 782 5807.34018291
30 103 7909.18453445
645 101 4776.31657242
0 54 5381.64473001
71 878 1045.60986988
475 393 1240.84648527
222 320 2313.54706025
533 551 1476.2791064
69 75 4991.20225998
449 846 5054.46337409
529 63 3857.97874541
197 473 5361.20322316
110 64 5192.3019943
292 35 4008.61572117
776 886 5750.62605287
296 337 7527.28370662
459 911 9346.7480976
173 352 7452.01315082
446 528 4857.21113397
196 647 2140.0
179 60 10279.1147479
1 407 8389.803335
630 419 5695.48066453
560 247 3161.28138577
376 250 7758.12477342
463 892 5038.34298158
812 874 1722.35304163
103 112 3923.78643659
309 90 3235.62976868
807 535 784.920378128
902 253 6849.79561739
547 712 3591.67092034
858 826 3180.25156238
106 39 7984.94834047
729 191 1386.79486587
538 415 6492.218419
4 37 9087.82152113
136 18 8663.40002539
799 532 3936.29267205
621 564 2501.93924786
306 564 1129.29181348
552 239 7569.28662425
201 474 3846.77787245
440 638 2669.86891064
369 774 3362.03807236
775 559 3059.29730494
134 668 6926.65142764
47 149 5375.64879805
730 611 4976.18327637
33 36 7031.96274165
126 331 5658.92215886
239 552 7569.28662425
554 818 7248.72402565
689 462 5077.10547458
283 483 1677.05098312
304 359 557.135531087
530 407 2650.0
423 189 4367.98580584
37 48 4908.97137902
55 906 8304.46867656
499 913 4727.81133295
388 81 2162.33669904
390 373 8061.32123166
246 238 8446.31280501
90 228 5679.50702086
0 4 2308.3543922
848 141 6883.5601254
59 547 3100.79022186
565 572 5963.79912472
173 829 4897.19307359
357 814 1482.22805263
73 238 2685.55394658
896 852 7571.65767847
181 385 1293.21305283
328 75 7389.18804741
4 16 1882.89670455
116 317 4612.09280045
795 362 4385.45322629
277 15 3464.57789637
339 739 4892.64754504
251 581 8410.02378118
789 238 6019.50994683
17 411 2899.27577164
238 246 8446.31280501
679 132 2384.78510562
841 304 8107.44102661
794 852 2684.66012746
864 797 4019.76367465
427 357 5667.10684565
709 433 11791.3951677
200 162 4201.0593902
141 848 6883.5601254
205 29 1284.71786786
23 506 5939.80639415
618 310 3936.86423439
912 850 5066.37937782
413 112 6896.03509272
402 739 5121.37676802
496 356 5220.62256824
424 193 3866.26434689
427 745 6158.77422869
617 246 7802.35861775
211 251 8731.09386045
196 621 4645.10495038
696 643 9282.46734441
148 197 912.140340079
272 60 6019.45180228
633 380 5620.81844574
45 203 6521.13487056
730 283 2572.87776624
659 691 1225.88743366
732 11 8550.80113206
890 232 7378.78716321
55 171 11007.6745955
241 171 4025.17080383
294 832 5040.97212847
315 6 2490.98374142
334 219 5711.49717675
687 692 1924.18814049
535 469 6098.01607082
874 379 5370.4096678
486 109 6345.53386249
345 514 1880.42548377
438 689 10319.656002
76 67 8506.19774047
520 196 7445.03190054
830 428 1726.78892746
710 589 3830.19581745
283 366 1720.72659072
673 503 5481.97956946
855 444 1821.67505335
13 57 5425.60595694
414 361 6653.26987278
70 42 3597.0265498
351 596 2114.42663623
402 886 2100.59515376
423 639 2675.29437633
9 324 2027.04218012
82 626 6631.62121958
806 337 1911.33461225
199 457 1689.08259123
864 576 2668.50145213
259 323 5793.96237475
99 717 8645.65208645
207 116 6077.91082528
311 408 6538.38665115
498 258 2003.52189906
871 888 5070.55223817
300 255 7638.07567389
749 454 8277.63251178
707 329 10084.0715983
77 64 6572.22184653
6 177 4377.13376538
872 816 1947.9476379
169 580 4425.57340918
75 539 6106.29183711
857 298 6453.83606857
710 585 4723.82260463
688 680 1750.25712397
92 638 3197.57720782
55 209 5383.53972773
510 547 926.498785752
221 201 5167.05912488
237 695 2559.76561427
132 164 3480.35917687
357 205 7126.18411213
15 839 7907.59128939
327 764 5025.37560785
114 34 1916.37678967
900 766 2537.7549133
259 142 4952.38326465
25 23 4242.64068712
464 38 1479.89864518
839 428 4911.31346994
623 501 4611.56155765
556 312 3521.6473418
115 152 4168.11708089
121 244 6910.45584604
35 292 4008.61572117
533 557 6575.59883205
293 835 6358.08933564
38 851 2561.26921662
60 767 11518.6674577
5 42 5573.68818647
833 441 7375.61522858
580 520 4172.52920901
83 48 2116.53017933
157 308 2135.27515791
196 369 3100.25805378
226 797 2192.44156136
179 581 8515.86754242
589 710 3830.19581745
110 268 1408.68733224
924 134 6873.72533638
576 620 6424.35989029
129 710 3656.25491453
79 873 6448.29434812
722 703 4504.71974711
174 919 1524.63110292
341 568 2718.40026486
90 309 3235.62976868
223 770 1011.18742081
275 422 6889.71697532
649 547 4177.3795614
64 77 6572.22184653
657 472 6437.83348651
824 333 1030.04854255
186 13 8449.59762356
131 817 3676.95526217
445 390 8506.2330088
430 223 7417.12882455
859 878 4703.21166864
488 718 4827.00735446
515 640 1274.87254265
417 430 7569.07524074
38 726 5264.68422605
309 166 4215.83918099
405 419 3289.07281768
355 543 2479.29425442
665 779 5200.24037906
229 58 7304.19057802
782 373 707.742891169
13 211 9203.15706701
141 30 6305.37072661
363 591 6567.9601095
91 9 2410.33192735
15 119 779.871784334
518 339 4563.9566168
794 437 3887.41559394
10 49 3513.00441218
263 417 2206.39978245
234 227 5241.08767337
808 332 2288.44925659
430 417 7569.07524074
327 57 5871.84809068
862 11 1489.46299048
665 763 9297.36521817
0 1 6957.15459078
836 388 4433.55387923
32 125 7989.24276762
157 52 3031.6002375
306 714 2578.56549267
698 655 6359.72483681
328 569 2660.07518691
109 716 6134.70455686
638 2 10241.4110356
539 827 5199.24994591
169 52 9071.21270834
904 492 1743.8463235
921 166 6559.5197995
834 318 648.459713475
11 732 8550.80113206
547 510 926.498785752
916 657 1936.00103306
182 391 5470.74035209
221 781 10069.4091187
147 86 7628.49919709
539 287 6376.68409128
579 526 4815.24661881
901 206 1025.76800496
913 499 4727.81133295
342 632 3286.35055951
19 144 2967.08611267
846 146 2903.37734372
277 226 3995.66014571
775 807 3961.37602356
63 529 3857.97874541
320 401 5996.90753639
528 667 2757.97026815
450 163 1799.80554505
16 39 5808.27857459
288 127 2246.59742722
750 366 3166.38595247
750 163 2434.17337098
826 326 1689.2897916
96 34 2837.46365615
258 588 6581.45880485
238 789 6019.50994683
104 34 5098.28402504
582 326 997.296345125
840 161 3528.00226757
396 583 7105.66675267
643 436 9624.76493219
2 129 9813.48561929
366 486 4367.98580584
461 414 3704.49726684
79 456 4900.37753648
320 714 3494.93919833
211 13 9203.15706701
232 305 8033.89071372
545 534 9983.89202666
585 371 3099.74192474
299 914 3413.03384103
218 217 9044.99861802
572 485 5910.33839979
469 702 6287.01837122
703 114 4748.83143521
483 831 5253.04673499
156 151 9148.22387133
676 80 3232.08910768
453 345 4323.80619362
117 582 7068.70568067
64 35 10353.2651854
85 743 2313.11478314
391 575 2173.89052162
859 599 3483.23125847
731 833 6854.81582539
681 436 5721.9664452
911 699 8073.32025873
242 56 3231.67139419
297 419 974.935895329
883 347 1264.00158228
47 220 4352.76923349
640 796 5980.0083612
454 749 8277.63251178
40 902 6877.82669162
657 565 4593.04909619
373 782 707.742891169
871 462 1777.66701044
601 135 2560.31248093
859 885 2403.60146447
182 401 1615.33278305
711 673 3652.68394472
234 498 6779.21086853
850 912 5066.37937782
797 226 2192.44156136
187 243 4204.48569982
748 528 6211.80328085
7 912 5236.94567472
378 274 1203.32871652
109 74 5876.00204221
201 185 955.091618642
720 428 2233.76364014
42 5 5573.68818647
351 29 2564.56624013
244 121 6910.45584604
635 142 8424.8738863
250 726 6958.00258695
87 200 8826.01268977
14 728 6964.74694443
439 852 840.951841665
56 409 7501.49985003
57 13 5425.60595694
349 642 7988.89228867
11 854 5540.54148978
99 93 6906.81547459
409 853 2822.14457461
16 913 2941.59820506
109 695 3923.37864601
440 114 4147.01097177
117 822 5303.96078417
204 403 2545.68261965
161 424 7467.75736081
713 395 3001.93271077
436 681 5721.9664452
163 750 2434.17337098
592 591 10665.7301672
352 542 8529.74208285
885 448 4800.80201633
61 122 5094.17314193
854 579 3012.40767493
30 1 7435.24713779
197 362 6574.02464248
287 626 7361.28385542
412 114 2823.04799818
660 821 1196.16052434
20 31 6194.94148479
422 735 9313.1519906
298 857 6453.83606857
133 211 11143.2715124
524 709 9170.47981297
148 421 7777.41602333
50 124 8302.92719467
268 395 6587.72343075
171 708 10382.8175367
404 699 8097.65398125
666 274 10223.8202253
629 654 4734.81784233
688 741 2319.31024229
176 278 7475.8945953
733 135 4903.54973463
600 881 7327.07990949
72 619 3244.45681124
74 883 2042.76773031
148 789 6483.90314548
42 462 2144.48128926
206 608 7294.23059685
834 857 5361.51098106
528 446 4857.21113397
393 754 4808.37810493
671 227 7770.4890451
360 379 10683.4123762
72 193 5062.19320058
288 354 8797.00517222
822 117 5303.96078417
868 118 9919.29937042
593 486 4594.92110922
703 722 4504.71974711
171 55 11007.6745955
581 167 3514.55544842
630 548 7618.32002478
30 8 6176.2448138
824 537 2334.99464667
161 837 3308.54953114
451 729 4500.58885036
679 240 6786.81810571
57 865 1547.80489727
611 262 5927.44464335
77 19 7190.30597402
190 370 1421.7243052
505 541 6618.58746259
252 31 8316.9525669
841 923 7522.93825576
658 889 6325.32212618
75 69 4991.20225998
656 685 2910.54977625
775 920 3238.57993571
693 575 5048.34626388
489 497 5757.82076831
622 885 4496.77662332
53 75 3501.15695164
328 582 2780.86317535
811 19 3061.78052773
647 681 4281.64687941
852 439 840.951841665
763 665 9297.36521817
528 421 2475.88368063
196 307 6243.87700071
468 440 8172.46596812
179 80 5628.58774472
880 353 9176.01765473
550 522 7330.93445612
419 20 6345.67569294
238 273 10247.4435836
918 46 6474.29532845
260 442 5083.27650241
81 56 3270.48926003
118 402 1486.60687473
543 418 3299.48480827
51 864 3951.02518342
586 246 6056.35203732
565 853 5363.02153641
314 600 8744.19235836
187 730 7201.09019524
519 181 9338.13685914
608 838 2077.81134851
881 79 2844.29253067
217 891 8295.23357115
175 239 7127.7065035
898 694 7204.83865191
187 254 6552.68647197
290 200 3610.60936685
761 162 5271.06251149
318 580 3449.20280645
448 424 4182.34384048
374 832 9122.50513839
68 43 1747.34083681
414 861 1771.01665718
291 249 2324.75805193
224 889 6293.36952673
613 908 8121.97636047
188 668 7266.09936623
706 916 7773.75713539
19 77 7190.30597402
370 190 1421.7243052
335 346 8354.286325
211 659 6619.74319744
853 409 2822.14457461
14 261 3045.8660509
658 674 8230.46171244
916 127 1838.72238253
349 138 6780.06637136
684 678 3172.9481559
223 58 3172.38080942
598 105 744.311762637
6 3 4377.14518836
615 691 5771.24769872
1 755 8370.54359047
85 69 3766.51032124
345 770 2448.26469157
287 814 5266.59282649
849 498 5178.11741852
132 10 4362.48782233
425 0 5651.47768287
260 540 4936.41570373
299 619 6218.76193466
447 228 6270.19935887
33 749 8595.90600228
506 93 7799.10251247
859 825 4414.61210074
704 571 3832.07515584
0 652 6361.7057461
275 664 7005.26944521
826 776 2655.05178857
683 58 8511.550975
35 25 6230.80251653
761 481 5992.70389724
171 238 2933.18939041
407 1 8389.803335
138 416 2950.6101064
121 807 6784.92446531
160 157 6719.31544132
69 61 3170.50469169
438 261 6894.90391521
498 153 3334.42648742
273 229 9490.0
37 4 9087.82152113
37 607 8337.87143101
437 794 3887.41559394
24 7 2390.02092041
369 917 6663.88775416
316 93 3805.9164468
172 135 1180.04237212
407 473 1592.38814364
232 170 5160.78482404
686 616 3202.24920954
34 96 2837.46365615
54 338 3895.03530151
825 859 4414.61210074
52 169 9071.21270834
42 224 6362.33447722
522 157 2551.80328395
212 89 5389.06299833
820 351 6637.26600341
528 748 6211.80328085
831 174